60
66
34 49 15 40 23 63 34 11 34 11 32 21 32 21 60 56 60 65 28 65 45 32 45 62 46 65 46 25 13 62 10 62 31 56 31 28 57 42 44 42 44 13 21 56 40 59 43 27 33 8 26 8 26 21 23 16 56 16 56 18 41 60 41 19 3 32
66
32 44 21 46 26 43 27 66 10 38 59 13 16 3 12 45 47 50 35 2 61 26 19 38 59 41 61 39 49 41 50 18 61 64 45 38 19 31 2 53 34 2 6 47 10 32 2 7 42 64 38 33 32 38 33 59 30 24 44 45 31 55 45 62 50 30
66
29 65 39 29 59 29 6 41 2 41 6 59 33 59 33 59 65 9 65 9 20 6 20 29 39 29 39 59 20 65 39 65 39 43 33 39 9 65 9 33 39 33 39 33 9 59 9 59 9 43 39 43 33 65 43 65 9 59 41 29 41 29 41 33 43 33
66
56 17 37 23 2 39 35 41 57 56 49 35 51 39 37 22 64 37 63 54 15 32 30 37 1 49 21 43 55 13 15 41 3 64 37 21 40 41 64 58 41 63 10 31 12 7 64 21 41 30 43 31 9 43 17 11 64 57 5 32 55 31 63 21 5 25
66
41 50 36 13 26 27 52 38 52 38 52 60 13 60 35 39 35 39 50 2 50 55 66 55 66 55 46 26 46 26 62 5 62 5 62 5 7 37 35 37 35 42 62 29 23 29 23 29 16 5 38 5 38 41 20 41 62 19 63 19 63 57 27 57 62 38
66
65 1 62 42 50 57 48 54 48 6 48 1 20 1 65 20 65 20 57 8 57 8 28 61 36 61 42 56 42 57 62 57 62 49 44 3 42 63 42 49 7 42 41 42 6 48 6 8 62 8 36 8 36 40 58 40 58 40 56 24 56 24 64 42 3 40
66
4 36 65 46 60 23 38 58 5 21 5 23 5 10 2 52 23 9 18 9 53 15 38 22 63 47 42 28 27 3 58 2 19 58 6 57 31 59 3 38 8 12 63 60 30 27 51 53 36 66 21 31 3 65 38 31 8 62 11 5 9 10 66 9 66 46
66
32 19 31 19 31 19 31 46 6 46 6 50 65 50 65 46 18 46 18 13 26 13 26 13 57 14 57 27 42 35 22 35 4 39 4 34 52 22 13 20 54 20 54 23 36 23 36 23 65 50 65 50 65 52 31 52 31 18 4 18 4 32 30 6 22 18
66
20 65 15 65 15 22 27 22 30 52 15 52 15 52 15 65 24 16 24 16 24 27 44 27 44 7 1 7 27 4 27 4 27 51 60 9 60 17 49 17 49 17 50 44 50 38 4 16 1 16 10 29 14 29 25 37 5 34 43 34 43 65 24 65 24 20
66
30 43 7 47 22 59 64 38 46 16 8 37 21 29 66 17 46 60 64 9 25 10 40 63 29 46 50 46 8 62 43 12 57 53 36 6 21 19 61 8 28 2 65 49 1 30 43 5 22 9 40 44 25 6 56 63 12 63 50 24 56 10 30 39 3 18
66
32 55 6 4 37 32 52 6 52 32 56 65 6 33 6 32 6 32 55 52 46 55 46 55 46 30 52 30 56 4 17 65 33 65 33 4 56 6 37 6 37 4 52 4 46 55 46 55 37 56 37 56 17 46 17 46 32 56 32 46 55 32 17 4 17 4
66
27 43 25 43 50 39 50 55 13 58 63 52 26 16 7 17 28 11 28 20 3 16 47 59 9 45 19 4 54 62 10 54 15 20 15 1 42 52 29 44 29 12 3 16 11 16 56 14 28 16 40 12 65 7 65 47 8 57 42 8 40 60 40 26 62 4
66
46 29 65 49 65 49 44 58 44 58 44 35 44 46 65 58 1 46 1 44 29 46 65 58 65 1 65 58 65 58 49 29 25 58 44 65 46 1 46 1 44 58 44 58 49 1 58 46 1 46 65 46 65 46 1 65 46 58 65 58 46 65 35 44 35 46
66
54 25 39 17 64 17 64 28 56 28 34 20 47 43 22 20 22 20 43 19 43 19 46 2 46 50 60 50 7 58 7 56 3 4 3 1 42 62 1 62 1 65 26 51 60 51 14 16 4 61 4 61 16 2 28 54 26 54 44 60 40 49 40 49 8 16
66
1 66 36 66 53 44 53 44 16 25 43 35 40 52 46 63 45 63 45 58 45 35 43 63 64 25 5 25 5 35 63 44 31 12 40 12 40 57 50 57 50 62 44 62 22 65 22 65 22 39 22 5 40 42 44 42 15 2 53 34 59 49 59 49 5 22
66
31 38 10 38 10 16 13 62 10 31 34 5 44 5 44 57 21 58 21 58 21 66 57 66 57 66 10 35 10 35 59 24 59 24 22 19 22 19 22 48 30 48 62 52 39 3 35 18 58 21 58 21 23 48 26 48 30 35 14 45 14 10 22 10 22 35
66
58 51 66 51 12 31 8 30 49 55 50 45 34 2 43 54 4 5 23 5 49 53 17 12 19 5 19 25 48 37 41 37 5 2 59 46 31 46 33 58 48 58 55 40 31 19 56 19 33 25 33 36 65 59 22 55 22 19 38 19 17 9 28 45 50 45
66
13 52 62 52 28 66 47 13 47 44 4 44 53 1 18 53 18 11 59 11 35 39 35 37 18 28 18 9 45 58 45 17 32 17 3 28 45 60 66 34 21 34 49 55 49 4 49 58 13 55 43 5 7 39 38 39 17 12 17 14 7 59 27 59 46 59
66
37 63 8 63 48 63 48 63 50 44 50 44 23 24 43 24 43 66 42 66 42 66 7 20 34 42 34 42 34 16 47 16 47 51 10 51 10 51 39 22 39 26 59 26 59 61 9 61 19 17 19 17 19 39 58 39 58 39 50 65 50 38 11 38 11 43
66
5 10 9 16 62 16 9 24 9 15 11 15 45 15 53 58 53 15 26 35 53 35 58 61 64 15 64 62 59 62 10 64 23 53 5 9 34 52 50 52 61 24 5 24 40 44 40 34 41 40 4 40 13 40 41 59 26 34 62 42 20 9 28 4 66 4
66
3 56 31 56 31 66 32 66 32 34 18 34 18 66 51 20 58 25 10 25 10 8 51 62 8 62 8 57 53 38 21 43 21 43 52 58 52 58 60 19 60 19 25 50 25 50 30 40 30 6 49 63 15 13 21 13 21 27 63 17 8 17 8 32 21 32
66
52 40 35 42 40 66 64 11 37 58 46 26 9 64 33 11 52 65 60 39 58 42 46 39 16 3 59 50 54 33 52 46 15 54 29 9 29 32 46 17 49 33 3 65 9 30 33 42 63 44 29 35 43 29 12 5 12 13 23 38 33 59 16 35 41 42
66
5 65 14 47 45 10 60 10 60 11 3 65 32 65 32 37 39 37 45 26 45 1 19 1 58 28 45 63 3 28 62 48 62 48 53 54 2 45 2 45 39 31 45 34 11 37 11 62 26 10 65 10 53 26 53 26 54 34 54 48 23 21 54 21 35 23
66
2 55 17 56 22 20 43 22 26 28 57 56 26 21 26 56 20 21 11 21 57 22 43 36 5 20 2 5 61 56 17 43 17 65 57 11 65 55 2 55 1 28 36 1 22 43 36 43 21 2 1 36 20 57 56 1 11 36 26 11 55 43 56 11 21 56
66
49 23 42 23 42 53 5 53 49 62 49 62 49 62 52 62 52 62 42 23 42 52 62 52 62 54 42 53 42 53 21 49 53 15 53 15 5 24 5 24 5 62 49 62 49 19 15 19 5 42 52 42 52 42 21 53 24 49 24 23 54 53 54 53 62 15
66
22 56 43 46 2 38 42 27 42 29 48 29 63 42 23 42 24 41 24 29 65 46 42 17 65 17 40 35 40 50 21 50 31 39 15 35 59 20 13 20 23 11 23 43 38 36 10 36 22 59 22 38 44 11 65 20 10 12 17 35 8 35 52 58 1 59
66
64 51 32 51 32 14 43 14 30 14 33 14 33 14 11 16 11 65 44 65 44 65 15 57 15 41 32 41 1 61 1 61 1 61 46 65 46 14 27 14 27 49 29 49 29 49 28 1 41 34 41 34 41 34 12 13 12 13 12 40 39 40 39 4 1 4
66
12 46 5 46 27 23 45 23 30 45 30 29 10 22 5 35 13 64 59 39 48 23 48 59 48 12 5 12 62 35 36 59 13 59 48 20 27 20 62 64 43 6 55 30 64 23 62 55 5 35 48 23 19 35 21 56 21 22 6 22 39 48 23 48 59 23
66
14 45 10 45 10 45 10 50 59 50 59 50 59 60 30 60 61 37 61 37 24 31 24 31 24 31 26 30 26 30 26 30 59 37 59 37 59 23 59 23 26 48 26 48 10 24 10 24 10 48 60 48 60 48 60 55 31 55 31 50 30 50 30 50 35 52
66
36 54 36 4 22 24 54 26 4 28 12 35 5 53 50 24 17 20 52 27 54 65 13 24 30 22 11 65 35 36 23 8 30 56 13 55 44 13 14 26 63 26 54 26 2 54 56 47 11 24 8 12 17 11 22 24 53 41 12 34 23 53 24 4 41 26
66
17 14 21 14 5 64 5 64 5 64 20 48 20 48 20 48 57 31 57 51 45 32 7 19 7 19 7 19 25 40 25 40 25 7 64 55 64 55 64 66 45 48 45 48 45 65 5 49 5 49 5 26 32 26 32 50 60 50 60 30 4 30 4 30 20 51
66
14 60 14 15 19 50 15 50 65 60 50 65 19 50 65 27 19 50 27 19 6 27 60 15 14 6 19 27 19 65 27 15 65 14 15 14 65 60 19 15 19 14 27 14 50 65 60 65 50 14 27 6 19 6 15 50 15 6 65 27 50 65 50 14 65 27
66
29 63 53 63 49 4 49 4 6 22 37 41 37 41 49 41 49 38 4 38 37 27 37 27 37 18 37 18 37 6 7 2 13 35 37 1 37 1 37 22 29 22 29 37 18 37 18 37 63 27 65 27 29 1 29 49 29 49 60 53 13 49 35 15 22 60
66
62 61 43 61 43 61 54 55 54 24 49 45 46 45 40 47 40 47 40 41 53 41 8 57 8 57 2 35 26 18 25 18 47 25 10 18 10 18 10 45 35 45 35 45 18 7 18 21 53 46 26 46 26 53 37 53 49 62 49 62 37 2 37 21 47 27
66
8 11 8 45 41 45 13 3 66 35 66 49 35 3 66 24 43 12 5 35 54 24 66 11 41 62 23 66 12 35 11 3 13 49 8 24 43 27 43 6 62 43 3 12 62 23 45 8 52 54 12 8 24 11 5 13 3 1 62 35 43 11 66 52 42 6
66
2 8 62 24 62 24 62 65 2 65 2 50 48 49 1 64 1 64 42 8 42 8 2 42 2 50 33 34 33 29 24 29 24 65 37 65 54 59 54 29 4 29 4 2 58 49 58 62 24 33 10 33 29 10 42 64 32 10 24 2 24 29 41 29 41 49
66
55 59 16 59 16 40 62 65 62 65 62 65 42 16 42 16 42 16 50 42 50 42 29 50 29 50 62 50 62 50 62 50 65 20 65 2 20 2 40 2 40 16 2 64 20 64 20 64 20 40 20 40 20 55 64 55 2 16 2 16 2 16 2 20 38 20
66
1 61 58 61 66 2 1 61 1 48 41 29 66 26 9 29 48 61 37 1 29 41 48 61 26 9 48 58 2 9 29 61 26 28 37 29 61 1 2 37 41 48 58 29 1 58 2 1 9 58 1 48 28 1 26 48 9 28 9 28 66 26 2 61 58 2
66
50 38 31 38 9 5 9 55 25 23 25 23 25 10 23 10 31 61 33 61 59 17 59 17 9 31 17 31 17 31 35 64 44 63 44 63 44 38 3 6 2 6 2 6 57 12 57 12 17 11 5 12 5 12 29 5 29 45 18 34 29 34 36 24 36 63
66
5 15 22 15 22 1 12 8 1 26 1 7 54 21 13 7 13 7 16 7 16 22 30 22 31 5 31 16 38 54 40 54 25 1 25 1 56 54 26 54 26 1 25 3 54 49 29 30 26 30 21 1 21 7 31 7 23 49 23 49 7 26 49 26 49 15
66
32 64 29 13 29 46 4 64 26 64 35 46 35 50 26 50 26 15 5 15 5 15 32 15 32 35 25 35 25 46 13 46 25 42 25 5 26 5 26 5 46 5 31 35 31 35 13 35 13 31 15 60 29 60 29 13 26 15 25 35 25 35 25 5 46 5
66
44 27 45 47 23 55 66 57 49 40 11 8 54 23 45 28 6 43 16 40 51 15 51 49 16 6 15 64 6 28 34 47 2 11 23 30 51 53 66 28 6 43 13 22 43 38 66 38 4 40 55 13 8 52 43 63 34 40 44 30 50 40 53 66 1 8
66
39 11 51 64 33 26 31 44 60 15 37 41 59 54 27 32 36 38 56 19 61 63 59 38 47 59 9 41 3 36 9 65 45 61 28 26 60 26 66 40 61 39 4 45 51 23 61 13 5 4 56 41 35 24 66 57 14 6 45 36 55 36 60 44 27 59
66
33 14 54 64 54 53 64 53 64 36 53 36 53 36 39 25 63 64 63 27 50 32 50 32 40 23 65 23 22 25 22 4 63 4 63 11 10 43 10 43 5 41 36 13 41 13 49 64 49 64 57 38 57 60 65 60 65 62 54 62 17 8 17 8 33 63
66
24 38 30 38 30 43 44 43 44 59 21 59 32 45 32 63 48 63 48 21 5 21 5 39 37 39 37 14 8 14 8 39 5 51 50 51 37 9 65 24 65 21 19 32 3 32 3 32 3 32 3 58 22 58 22 33 27 9 14 6 14 6 52 57 38 39
66
10 22 48 22 58 33 40 22 40 22 40 22 40 33 61 26 61 26 61 26 33 58 33 16 36 1 40 1 40 1 40 6 8 65 64 58 10 1 48 44 48 44 48 34 2 34 2 34 12 61 12 61 12 61 6 8 6 8 6 43 37 43 37 43 37 65
66
57 37 46 58 6 50 31 63 31 55 5 60 11 62 46 55 14 61 26 42 61 36 49 58 57 24 7 56 40 49 5 8 5 4 49 56 55 21 59 32 34 16 55 34 57 21 44 49 6 59 61 53 18 34 39 50 39 11 6 64 63 32 56 50 60 29
66
6 2 1 56 16 19 1 58 16 2 12 43 8 52 14 6 54 28 16 6 25 14 46 43 64 24 53 28 2 17 40 58 3 61 12 58 42 19 46 61 54 19 54 40 6 44 2 3 56 17 20 21 2 52 31 3 25 62 64 9 12 27 51 19 46 52
67
45 50 38 50 38 50 22 12 39 3 42 35 34 48 34 48 34 37 13 2 13 44 25 44 35 20 35 20 35 10 46 10 1 35 17 37 17 37 17 34 54 34 31 37 61 42 61 48 16 48 16 48 65 47 53 47 53 47 54 4 56 67 56 67 56 40 61
67
6 66 64 39 56 57 42 57 16 63 67 24 54 60 39 67 49 1 49 29 59 29 5 7 59 60 67 5 22 5 64 12 64 45 67 45 14 17 29 47 67 4 45 47 37 47 36 30 63 57 19 57 39 33 39 7 56 19 56 45 29 63 42 53 59 53 1
67
63 27 51 4 43 4 63 35 65 21 53 63 54 3 21 63 21 40 24 21 61 40 38 29 39 15 12 62 27 38 61 5 30 40 59 17 3 57 3 57 59 54 64 63 7 21 51 21 8 25 20 62 36 51 60 29 20 36 32 66 59 12 49 54 34 54 61
67
42 46 33 19 45 43 35 67 42 38 37 35 57 61 31 51 33 10 57 33 49 33 58 2 33 49 51 46 61 42 67 58 42 67 61 33 37 46 58 46 12 38 10 12 46 48 19 45 31 49 57 48 49 45 53 32 31 12 40 38 41 51 67 40 12 49 67
67
45 62 14 55 4 55 60 61 60 14 46 14 46 25 29 25 20 3 20 3 31 25 29 55 64 55 17 3 17 3 44 39 44 32 61 32 37 55 37 23 41 45 41 45 48 35 11 15 34 26 29 26 29 21 64 21 64 51 66 51 48 41 9 23 11 23 11
67
41 11 24 11 56 24 56 24 56 19 59 19 59 19 51 23 51 23 51 37 25 37 25 37 39 19 12 19 51 30 51 30 51 7 61 7 2 49 2 49 42 63 42 14 2 14 2 14 19 40 61 38 61 9 40 9 40 18 8 1 8 1 46 60 46 60 46
67
30 50 18 67 12 34 29 63 29 8 11 62 59 61 28 64 58 64 52 63 58 8 58 52 28 52 43 51 31 29 12 38 39 38 24 1 36 1 53 32 58 3 62 3 28 40 38 51 59 64 52 10 9 10 3 60 13 58 21 61 58 65 37 65 47 28 48
67
31 51 25 51 25 61 49 61 23 61 23 25 37 25 35 1 13 1 3 1 3 48 50 48 50 58 65 36 2 36 2 36 2 52 16 66 4 66 45 10 61 10 61 23 58 23 58 23 64 50 64 50 6 41 6 4 36 4 10 37 61 37 6 44 6 35 16
67
50 47 51 41 58 18 1 59 1 31 16 21 8 16 44 56 31 35 56 20 37 20 49 38 24 9 26 36 38 44 24 44 29 59 43 59 7 15 7 48 9 48 66 37 48 37 12 21 5 30 44 30 4 12 56 64 56 29 36 33 18 61 57 28 33 28 21
67
32 20 44 20 44 23 54 10 23 10 23 20 32 44 23 44 23 58 23 58 44 58 44 23 20 23 20 23 58 23 54 20 54 20 10 44 3 44 54 44 54 44 10 3 10 3 20 44 32 44 5 3 23 20 10 20 10 20 44 20 44 32 10 20 5 20 5
67
51 55 54 16 50 38 64 1 7 1 8 7 8 19 41 42 46 6 13 6 29 8 29 12 39 45 30 45 14 66 5 22 31 22 44 27 19 53 19 15 12 61 37 13 26 46 39 46 19 12 18 7 43 38 2 14 64 14 21 39 21 45 38 54 14 24 22
67
43 51 19 51 19 65 44 65 5 13 26 5 27 5 67 41 28 66 29 51 17 53 17 53 65 16 27 16 27 30 10 54 23 37 39 12 39 12 65 35 58 35 58 30 15 30 8 27 63 27 63 27 55 5 55 45 27 45 17 47 17 45 62 4 48 47 48
