78
51
49 1 49 1 49 1 29 49 1 20 43 20 43 30 20 43 9 26 9 26 18 9 26 11 21 11 21 33 11 21 27 22 27 22 38 27 22 8 3 8 3 47 8 3 35 13 35 13 14 35 13
51
9 7 9 7 9 7 26 9 7 34 11 34 11 49 34 11 39 25 39 25 38 39 25 48 41 48 41 36 48 41 44 31 44 31 35 44 31 16 17 16 17 32 16 17 37 2 37 2 19 37 2
51
7 4 7 4 7 4 39 7 4 13 18 13 18 24 13 18 33 48 33 48 51 33 48 9 1 9 1 29 9 1 25 34 25 34 35 25 34 41 46 41 46 22 41 46 8 6 8 6 45 8 6
51
34 16 34 16 34 16 17 34 16 38 37 38 37 45 38 37 46 43 46 43 4 46 43 22 10 22 10 36 22 10 5 28 5 28 3 5 28 19 47 19 47 29 19 47 49 6 49 6 26 49 6
51
34 23 34 23 34 23 51 34 23 48 22 48 22 13 48 22 45 39 45 39 11 45 39 17 46 17 46 20 17 46 7 49 7 49 29 7 49 27 26 27 26 9 27 26 50 6 50 6 5 50 6
51
20 47 20 47 20 47 15 20 47 27 36 27 36 30 27 36 48 14 48 14 39 48 14 5 18 5 18 2 5 18 38 49 38 49 29 38 49 22 26 22 26 33 22 26 46 25 46 25 3 46 25
51
15 7 15 7 15 7 39 15 7 24 40 24 40 47 24 40 49 5 49 5 46 49 5 29 25 29 25 6 29 25 43 17 43 17 35 43 17 30 50 30 50 51 30 50 28 13 28 13 26 28 13
51
17 19 17 19 17 19 11 17 19 37 43 37 43 48 37 43 20 7 20 7 45 20 7 34 42 34 42 9 34 42 16 24 16 24 47 16 24 22 44 22 44 49 22 44 46 6 46 6 1 46 6
51
18 29 18 29 18 29 9 18 29 44 38 44 38 15 44 38 27 32 27 32 25 27 32 49 40 49 40 7 49 40 3 2 3 2 28 3 2 35 14 35 14 43 35 14 51 13 51 13 31 51 13
51
17 13 17 13 17 13 15 17 13 6 45 6 45 21 6 45 3 43 3 43 49 3 43 24 41 24 41 27 24 41 22 37 22 37 36 22 37 40 16 40 16 42 40 16 4 11 4 11 48 4 11
51
16 36 16 36 16 36 38 16 36 40 34 40 34 23 40 34 14 6 14 6 41 14 6 12 44 12 44 8 12 44 50 15 50 15 3 50 15 19 7 19 7 29 19 7 48 25 48 25 31 48 25
51
5 49 5 49 5 49 15 5 49 9 11 9 11 32 9 11 18 2 18 2 30 18 2 1 22 1 22 7 1 22 4 24 4 24 44 4 24 25 8 25 8 20 25 8 34 51 34 51 27 34 51
51
12 45 12 45 12 45 29 12 45 38 11 38 11 40 38 11 25 7 25 7 39 25 7 20 2 20 2 17 20 2 46 30 46 30 31 46 30 13 18 13 18 8 13 18 43 48 43 48 51 43 48
51
47 43 47 43 47 43 11 47 43 24 6 24 6 22 24 6 44 29 44 29 9 44 29 28 10 28 10 4 28 10 20 1 20 1 39 20 1 21 40 21 40 33 21 40 36 25 36 25 34 36 25
51
3 7 3 7 3 7 30 3 7 11 51 11 51 16 11 51 42 21 42 21 44 42 21 18 12 18 12 48 18 12 50 45 50 45 34 50 45 35 38 35 38 17 35 38 15 32 15 32 43 15 32
51
22 24 22 24 22 24 37 22 24 41 4 41 4 26 41 4 2 17 2 17 6 2 17 49 50 49 50 14 49 50 19 39 19 39 21 19 39 27 7 27 7 33 27 7 40 46 40 46 36 40 46
51
35 12 35 12 35 12 20 35 12 45 10 45 10 13 45 10 3 28 3 28 48 3 28 8 49 8 49 2 8 49 30 38 30 38 16 30 38 44 37 44 37 9 44 37 7 46 7 46 22 7 46
51
12 41 12 41 12 41 13 12 41 11 48 11 48 9 11 48 25 20 25 20 26 25 20 51 42 51 42 16 51 42 32 15 32 15 44 32 15 37 40 37 40 22 37 40 39 18 39 18 2 39 18
51
38 19 38 19 38 19 42 38 19 31 50 31 50 4 31 50 9 51 9 51 25 9 51 36 13 36 13 1 36 13 8 47 8 47 37 8 47 16 33 16 33 30 16 33 3 45 3 45 44 3 45
51
30 47 30 47 30 47 46 30 47 40 29 40 29 15 40 29 18 13 18 13 27 18 13 36 19 36 19 44 36 19 20 23 20 23 43 20 23 32 25 32 25 4 32 25 31 28 31 28 42 31 28
51
24 27 24 27 24 27 12 24 27 25 41 25 41 15 25 41 39 30 39 30 7 39 30 10 14 10 14 48 10 14 13 21 13 21 16 13 21 9 2 9 2 32 9 2 38 19 38 19 26 38 19
51
2 4 2 4 2 4 49 2 4 23 38 23 38 32 23 38 40 6 40 6 14 40 6 31 50 31 50 21 31 50 43 33 43 33 51 43 33 26 48 26 48 35 26 48 18 20 18 20 7 18 20
51
41 43 41 43 41 43 22 41 43 50 37 50 37 25 50 37 21 46 21 46 20 21 46 40 42 40 42 38 40 42 12 24 12 24 7 12 24 2 23 2 23 49 2 23 33 15 33 15 9 33 15
51
48 10 48 10 48 10 46 48 10 8 36 8 36 50 8 36 1 12 1 12 2 1 12 42 13 42 13 20 42 13 17 32 17 32 43 17 32 37 40 37 40 6 37 40 15 34 15 34 45 15 34
51
30 29 30 29 30 29 15 30 29 34 22 34 22 16 34 22 45 32 45 32 39 45 32 24 35 24 35 43 24 35 36 12 36 12 46 36 12 20 18 20 18 13 20 18 37 14 37 14 44 37 14
51
26 47 26 47 26 47 25 26 47 32 40 32 40 45 32 40 3 4 3 4 44 3 4 8 38 8 38 51 8 38 23 30 23 30 1 23 30 35 7 35 7 24 35 7 20 28 20 28 31 20 28
51
45 13 45 13 45 13 50 45 13 2 32 2 32 5 2 32 27 40 27 40 48 27 40 47 43 47 43 36 47 43 24 11 24 11 37 24 11 17 30 17 30 33 17 30 41 31 41 31 22 41 31
51
21 38 21 38 21 38 42 21 38 23 41 23 41 15 23 41 25 49 25 49 18 25 49 28 36 28 36 47 28 36 44 8 44 8 5 44 8 16 12 16 12 35 16 12 46 50 46 50 22 46 50
51
9 45 9 45 9 45 21 9 45 29 30 29 30 37 29 30 1 4 1 4 44 1 4 32 40 32 40 23 32 40 46 25 46 25 43 46 25 18 38 18 38 47 18 38 16 10 16 10 26 16 10
51
2 48 2 48 2 48 21 2 48 5 3 5 3 10 5 3 1 46 1 46 45 1 46 6 17 6 17 35 6 17 36 18 36 18 11 36 18 39 16 39 16 15 39 16 30 37 30 37 19 30 37
51
32 26 32 26 32 26 41 32 26 43 47 43 47 21 43 47 23 16 23 16 36 23 16 44 18 44 18 40 44 18 8 45 8 45 7 8 45 37 4 37 4 17 37 4 24 5 24 5 50 24 5
51
41 40 41 40 41 40 22 41 40 28 36 28 36 47 28 36 7 35 7 35 5 7 35 25 8 25 8 45 25 8 26 10 26 10 11 26 10 50 37 50 37 4 50 37 30 33 30 33 14 30 33
51
30 25 30 25 30 25 39 30 25 34 1 34 1 51 34 1 28 4 28 4 31 28 4 11 26 11 26 48 11 26 6 10 6 10 2 6 10 15 46 15 46 8 15 46 40 23 40 23 12 40 23
51
43 4 43 4 43 4 12 43 4 44 3 44 3 46 44 3 26 22 26 22 23 26 22 17 28 17 28 37 17 28 48 9 48 9 38 48 9 42 51 42 51 7 42 51 47 34 47 34 14 47 34
51
20 42 20 42 20 42 21 20 42 15 49 15 49 10 15 49 32 4 32 4 5 32 4 26 25 26 25 27 26 25 19 34 19 34 18 19 34 50 9 50 9 2 50 9 23 8 23 8 33 23 8
51
6 37 6 37 6 37 50 6 37 30 41 30 41 48 30 41 17 21 17 21 15 17 21 40 35 40 35 46 40 35 2 11 2 11 39 2 11 12 18 12 18 42 12 18 29 10 29 10 14 29 10
51
35 38 35 38 35 38 13 35 38 18 33 18 33 26 18 33 20 32 20 32 51 20 32 11 9 11 9 25 11 9 47 28 47 28 15 47 28 10 22 10 22 5 10 22 21 16 21 16 39 21 16
51
12 7 12 7 12 7 30 12 7 50 6 50 6 5 50 6 44 43 44 43 14 44 43 46 49 46 49 38 46 49 40 19 40 19 1 40 19 24 4 24 4 36 24 4 13 48 13 48 35 13 48
51
21 45 21 45 21 45 17 21 45 37 46 37 46 15 37 46 23 32 23 32 35 23 32 26 25 26 25 36 26 25 10 5 10 5 14 10 5 50 42 50 42 27 50 42 19 13 19 13 22 19 13
51
33 10 33 10 33 10 27 33 10 36 50 36 50 34 36 50 7 17 7 17 14 7 17 31 25 31 25 37 31 25 51 30 51 30 45 51 30 41 24 41 24 49 41 24 26 11 26 11 22 26 11
51
34 22 34 22 34 22 38 34 22 31 45 31 45 7 31 45 17 12 17 12 9 17 12 1 23 1 23 40 1 23 15 29 15 29 6 15 29 41 48 41 48 42 41 48 27 8 27 8 14 27 8
51
22 42 22 42 22 42 8 22 42 40 2 40 2 28 40 2 19 30 19 30 44 19 30 25 45 25 45 38 25 45 50 36 50 36 29 50 36 49 47 49 47 37 49 47 34 27 34 27 16 34 27
51
33 22 33 22 33 22 44 33 22 31 19 31 19 24 31 19 30 34 30 34 38 30 34 17 18 17 18 10 17 18 36 43 36 43 20 36 43 42 39 42 39 4 42 39 32 9 32 9 21 32 9
51
41 3 41 3 41 3 39 41 3 15 11 15 11 12 15 11 5 27 5 27 14 5 27 1 40 1 40 34 1 40 37 10 37 10 36 37 10 23 7 23 7 22 23 7 24 6 24 6 25 24 6
51
18 2 18 2 18 2 13 18 2 47 46 47 46 49 47 46 37 11 37 11 21 37 11 40 3 40 3 26 40 3 24 50 24 50 25 24 50 51 48 51 48 42 51 48 28 19 28 19 29 28 19
51
21 5 21 5 21 5 40 21 5 50 13 50 13 6 50 13 12 16 12 16 45 12 16 8 24 8 24 31 8 24 4 47 4 47 18 4 47 15 26 15 26 51 15 26 28 17 28 17 3 28 17
51
25 16 25 16 25 16 42 25 16 27 28 27 28 36 27 28 21 39 21 39 19 21 39 50 8 50 8 34 50 8 10 24 10 24 37 10 24 29 3 29 3 43 29 3 30 47 30 47 49 30 47
51
14 43 14 43 14 43 34 14 43 32 6 32 6 38 32 6 44 35 44 35 25 44 35 18 21 18 21 7 18 21 30 41 30 41 51 30 41 15 3 15 3 40 15 3 23 42 23 42 8 23 42
51
25 32 25 32 25 32 29 25 32 37 34 37 34 50 37 34 33 3 33 3 4 33 3 43 48 43 48 45 43 48 15 26 15 26 13 15 26 8 39 8 39 17 8 39 44 31 44 31 30 44 31
51
17 14 17 14 17 14 38 17 14 28 35 28 35 31 28 35 48 42 48 42 51 48 42 16 43 16 43 26 16 43 33 27 33 27 41 33 27 46 32 46 32 1 46 32 13 8 13 8 40 13 8
51
6 7 6 7 6 7 36 6 7 25 24 25 24 50 25 24 4 21 4 21 28 4 21 27 9 27 9 45 27 9 31 11 31 11 2 31 11 49 22 49 22 15 49 22 43 38 43 38 51 43 38
51
9 51 9 51 9 51 50 9 51 35 2 35 2 34 35 2 32 18 32 18 13 32 18 48 37 48 37 31 48 37 24 26 24 26 43 24 26 44 46 44 46 36 44 46 17 10 17 10 29 17 10
51
19 37 19 37 19 37 50 19 37 12 41 12 41 34 12 41 11 3 11 3 22 11 3 20 2 20 2 14 20 2 4 51 4 51 24 4 51 17 9 17 9 21 17 9 29 48 29 48 28 29 48
51
38 1 38 1 38 1 22 38 1 28 45 28 45 5 28 45 6 24 6 24 12 6 24 25 29 25 29 33 25 29 34 7 34 7 15 34 7 43 14 43 14 27 43 14 47 37 47 37 42 47 37
51
30 37 30 37 30 37 20 30 37 28 33 28 33 4 28 33 41 8 41 8 31 41 8 29 43 29 43 3 29 43 35 38 35 38 17 35 38 23 19 23 19 49 23 19 50 5 50 5 6 50 5
51
19 38 19 38 19 38 25 19 38 1 39 1 39 18 1 39 26 43 26 43 2 26 43 22 48 22 48 30 22 48 6 27 6 27 50 6 27 21 5 21 5 49 21 5 24 32 24 32 16 24 32
51
12 9 12 9 12 9 5 12 9 36 33 36 33 31 36 33 22 37 22 37 43 22 37 29 1 29 1 48 29 1 30 25 30 25 7 30 25 8 50 8 50 42 8 50 11 27 11 27 10 11 27
51
14 49 14 49 14 49 46 14 49 27 11 27 11 24 27 11 20 37 20 37 2 20 37 16 41 16 41 28 16 41 47 43 47 43 45 47 43 38 34 38 34 21 38 34 40 7 40 7 30 40 7
51
48 14 48 14 48 14 24 48 14 2 33 2 33 3 2 33 50 8 50 8 41 50 8 28 49 28 49 6 28 49 37 23 37 23 11 37 23 39 1 39 1 7 39 1 19 22 19 22 5 19 22
51
21 3 21 3 21 3 20 21 3 4 48 4 48 38 4 48 43 29 43 29 47 43 29 13 44 13 44 27 13 44 51 24 51 24 10 51 24 32 46 32 46 17 32 46 35 41 35 41 22 35 41
51
44 49 44 49 44 49 30 44 49 23 29 23 29 40 23 29 1 5 1 5 26 1 5 45 17 45 17 48 45 17 46 14 46 14 38 46 14 41 36 41 36 11 41 36 35 25 35 25 50 35 25
51
30 22 30 22 30 22 27 30 22 3 19 3 19 20 3 19 34 11 34 11 16 34 11 47 31 47 31 21 47 31 33 1 33 1 13 33 1 18 23 18 23 38 18 23 45 46 45 46 14 45 46
51
24 31 24 31 24 31 15 24 31 30 19 30 19 4 30 19 38 37 38 37 41 38 37 12 10 12 10 6 12 10 21 39 21 39 5 21 39 11 45 11 45 18 11 45 3 42 3 42 28 3 42
51
32 35 32 35 32 35 39 32 35 26 12 26 12 22 26 12 19 9 19 9 33 19 9 46 38 46 38 5 46 38 48 8 48 8 20 48 8 4 16 4 16 34 4 16 45 2 45 2 43 45 2
51
36 25 36 25 36 25 34 36 25 23 5 23 5 35 23 5 8 31 8 31 41 8 31 7 12 7 12 2 7 12 11 51 11 51 19 11 51 15 4 15 4 44 15 4 16 32 16 32 40 16 32
51
16 40 16 40 16 40 2 16 40 45 50 45 50 48 45 50 23 18 23 18 4 23 18 34 12 34 12 29 34 12 15 20 15 20 46 15 20 42 3 42 3 41 42 3 21 32 21 32 37 21 32
51
39 51 39 51 39 51 2 39 51 5 6 5 6 7 5 6 28 31 28 31 34 28 31 8 42 8 42 35 8 42 38 36 38 36 1 38 36 14 22 14 22 26 14 22 50 40 50 40 20 50 40
51
23 2 23 2 23 2 17 23 2 44 50 44 50 29 44 50 38 11 38 11 31 38 11 47 43 47 43 28 47 43 30 48 30 48 40 30 48 41 27 41 27 49 41 27 32 39 32 39 35 32 39
51
4 35 4 35 4 35 38 4 35 31 16 31 16 44 31 16 47 2 47 2 6 47 2 23 45 23 45 48 23 45 50 12 50 12 10 50 12 46 8 46 8 22 46 8 40 30 40 30 14 40 30
51
28 30 28 30 28 30 41 28 30 29 21 29 21 46 29 21 25 5 25 5 32 25 5 4 8 4 8 2 4 8 14 6 14 6 7 14 6 47 45 47 45 40 47 45 11 24 11 24 20 11 24
51
10 34 10 34 10 34 16 10 34 18 44 18 44 41 18 44 38 27 38 27 5 38 27 7 12 7 12 30 7 12 48 49 48 49 22 48 49 6 4 6 4 20 6 4 19 14 19 14 51 19 14
52
48 22 48 22 48 22 42 48 22 45 3 45 3 14 45 3 40 7 40 7 4 40 7 39 13 39 13 47 39 13 50 49 50 49 23 50 49 34 43 34 43 8 34 43 6 11 6 11 9 6 11 12
52
20 28 20 28 20 28 38 20 28 35 27 35 27 52 35 27 11 47 11 47 10 11 47 51 41 51 41 37 51 41 1 6 1 6 26 1 6 48 31 48 31 2 48 31 19 15 19 15 21 19 15 14
52
24 43 24 43 24 43 42 24 43 13 9 13 9 44 13 9 2 52 2 52 21 2 52 48 1 48 1 8 48 1 31 34 31 34 16 31 34 46 20 46 20 22 46 20 37 30 37 30 12 37 30 19
52
22 11 22 11 22 11 7 22 11 1 46 1 46 16 1 46 18 26 18 26 2 18 26 40 47 40 47 23 40 47 38 4 38 4 30 38 4 32 20 32 20 31 32 20 49 45 49 45 14 49 45 3
52
6 46 6 46 6 46 11 6 46 8 25 8 25 39 8 25 19 13 19 13 24 19 13 15 21 15 21 5 15 21 47 9 47 9 40 47 9 49 14 49 14 27 49 14 28 44 28 44 32 28 44 26
52
26 11 26 11 26 11 38 26 11 51 23 51 23 31 51 23 49 4 49 4 48 49 4 44 32 44 32 39 44 32 46 28 46 28 1 46 28 7 24 7 24 41 7 24 15 35 15 35 45 15 35 3
52
39 20 39 20 39 20 10 39 20 9 2 9 2 37 9 2 8 12 8 12 50 8 12 13 44 13 44 17 13 44 21 25 21 25 5 21 25 40 41 40 41 36 40 41 46 15 46 15 22 46 15 51
