80
49
40 32 16 22 49 5 28 6 26 5 3 39 11 46 28 49 36 40 16 6 37 13 5 29 2 25 2 25 2 25 2 25 2 25 2 25 1 2 25 2 25 2 25 2 25 2 25 2 25
49
27 46 36 42 18 33 4 48 49 11 48 20 44 14 40 19 15 32 2 22 45 4 9 3 38 17 38 17 38 17 38 17 38 17 38 17 1 38 17 38 17 38 17 38 17 38 17 38 17
49
44 48 14 31 2 23 44 23 26 36 37 43 25 22 13 15 41 28 39 36 6 15 24 6 20 1 20 1 20 1 20 1 20 1 20 1 2 20 1 20 1 20 1 20 1 20 1 20 1
49
15 1 11 20 22 48 39 27 1 44 25 19 2 21 12 21 32 41 37 11 39 13 40 35 38 3 38 3 38 3 38 3 38 3 38 3 1 38 3 38 3 38 3 38 3 38 3 38 3
49
29 21 9 25 24 22 27 13 26 15 46 27 38 25 30 23 16 35 11 25 19 30 24 27 29 28 29 28 29 28 29 28 29 28 29 28 1 29 28 29 28 29 28 29 28 29 28 29 28
49
12 49 30 48 28 48 39 22 15 42 1 24 4 39 27 23 47 1 13 45 36 46 12 18 3 26 3 26 3 26 3 26 3 26 3 26 1 3 26 3 26 3 26 3 26 3 26 3 26
49
38 30 45 21 25 32 49 5 32 15 31 1 21 48 14 26 45 29 11 4 41 20 19 40 5 43 5 43 5 43 5 43 5 43 5 43 1 5 43 5 43 5 43 5 43 5 43 5 43
49
32 38 37 4 43 27 5 7 43 41 27 36 13 21 13 7 17 40 2 39 10 29 10 37 33 30 33 30 33 30 33 30 33 30 33 30 1 33 30 33 30 33 30 33 30 33 30 33 30
49
27 37 26 40 25 40 43 47 7 17 36 25 15 33 37 34 13 31 39 27 37 36 38 10 25 43 25 43 25 43 25 43 25 43 25 43 1 25 43 25 43 25 43 25 43 25 43 25 43
49
38 18 9 49 23 27 26 43 24 33 25 14 17 3 18 24 9 8 48 37 18 40 26 6 49 8 49 8 49 8 49 8 49 8 49 8 1 49 8 49 8 49 8 49 8 49 8 49 8
49
6 49 41 8 25 36 13 12 32 8 39 49 29 46 40 43 12 38 36 7 43 39 31 25 23 40 23 40 23 40 23 40 23 40 23 40 1 23 40 23 40 23 40 23 40 23 40 23 40
49
29 40 29 23 19 16 34 45 18 31 15 35 32 44 16 15 4 26 37 9 25 30 19 37 15 29 15 29 15 29 15 29 15 29 15 29 1 15 29 15 29 15 29 15 29 15 29 15 29
49
15 49 14 20 1 29 9 41 44 10 47 30 16 39 25 34 37 30 43 34 49 20 19 42 2 22 2 22 2 22 2 22 2 22 2 22 1 2 22 2 22 2 22 2 22 2 22 2 22
49
29 49 32 29 12 1 27 33 5 1 45 29 25 8 43 4 9 20 19 13 49 3 41 17 40 31 40 31 40 31 40 31 40 31 40 31 1 40 31 40 31 40 31 40 31 40 31 40 31
49
23 7 43 9 27 49 42 15 18 34 44 23 43 1 7 49 19 27 8 14 35 26 47 10 18 22 18 22 18 22 18 22 18 22 18 22 1 18 22 18 22 18 22 18 22 18 22 18 22
49
30 41 27 46 25 4 25 28 16 47 13 16 36 43 13 41 17 18 35 40 12 16 43 20 44 27 44 27 44 27 44 27 44 27 44 27 1 44 27 44 27 44 27 44 27 44 27 44 27
49
15 42 47 30 7 36 27 49 31 45 7 27 35 10 6 10 46 17 15 29 33 11 29 26 34 24 34 24 34 24 34 24 34 24 34 24 1 34 24 34 24 34 24 34 24 34 24 34 24
49
31 16 10 6 1 22 17 24 45 29 7 2 5 21 42 30 9 20 48 8 23 3 2 5 17 4 17 4 17 4 17 4 17 4 17 4 1 17 4 17 4 17 4 17 4 17 4 17 4
49
32 37 30 25 7 25 47 48 2 45 1 24 37 29 1 29 42 26 36 25 28 31 47 31 16 2 16 2 16 2 16 2 16 2 16 2 1 16 2 16 2 16 2 16 2 16 2 16 2
49
46 25 42 8 20 21 34 5 48 26 14 46 17 18 32 41 34 49 40 17 11 40 9 36 31 10 31 10 31 10 31 10 31 10 31 10 1 31 10 31 10 31 10 31 10 31 10 31 10
49
4 19 34 23 19 46 27 37 13 7 25 19 31 44 20 42 34 7 30 47 45 47 9 14 16 3 16 3 16 3 16 3 16 3 16 3 1 16 3 16 3 16 3 16 3 16 3 16 3
49
32 48 31 44 20 8 5 19 25 4 17 33 1 29 10 20 33 29 16 7 46 38 17 1 19 29 19 29 19 29 19 29 19 29 19 29 1 19 29 19 29 19 29 19 29 19 29 19 29
49
11 41 9 8 40 31 8 44 38 41 19 20 38 30 18 2 38 41 30 27 16 6 39 5 8 24 8 24 8 24 8 24 8 24 8 24 1 8 24 8 24 8 24 8 24 8 24 8 24
49
35 29 1 42 1 38 20 9 40 49 45 29 19 3 17 32 31 5 44 22 1 36 9 22 16 38 16 38 16 38 16 38 16 38 16 38 1 16 38 16 38 16 38 16 38 16 38 16 38
49
41 27 35 17 16 46 18 37 42 46 10 23 15 13 29 17 44 20 17 37 33 11 19 37 38 14 38 14 38 14 38 14 38 14 38 14 1 38 14 38 14 38 14 38 14 38 14 38 14
49
31 17 11 49 8 25 49 35 3 40 20 7 20 45 4 26 42 27 42 10 15 30 44 40 43 33 43 33 43 33 43 33 43 33 43 33 1 43 33 43 33 43 33 43 33 43 33 43 33
49
35 21 5 24 36 16 45 39 8 40 26 28 22 25 15 17 21 36 14 19 4 17 33 18 5 1 5 1 5 1 5 1 5 1 5 1 2 5 1 5 1 5 1 5 1 5 1 5 1
49
6 49 11 35 6 37 9 44 19 22 15 12 31 15 40 45 49 36 24 40 22 21 35 24 27 18 27 18 27 18 27 18 27 18 27 18 1 27 18 27 18 27 18 27 18 27 18 27 18
50
7 13 14 48 10 43 17 21 31 22 29 18 9 26 45 8 20 41 48 16 6 49 2 31 45 35 11 35 11 35 11 35 11 35 11 35 11 1 35 11 35 11 35 11 35 11 35 11 35 11
50
32 17 46 36 50 7 8 6 7 23 33 21 30 4 19 17 12 22 35 16 47 38 36 4 10 27 12 27 12 27 12 27 12 27 12 27 12 1 27 12 27 12 27 12 27 12 27 12 27 12
50
12 46 40 35 41 28 20 21 45 25 5 7 31 43 12 31 43 9 15 10 15 43 8 34 17 10 46 10 46 10 46 10 46 10 46 10 46 1 10 46 10 46 10 46 10 46 10 46 10 46
50
5 31 33 35 21 24 48 39 18 36 4 11 21 45 15 7 29 47 44 49 11 32 29 31 47 26 44 26 44 26 44 26 44 26 44 26 44 1 26 44 26 44 26 44 26 44 26 44 26 44
50
29 6 1 31 9 33 7 44 7 33 38 32 48 16 38 22 36 1 25 31 28 16 20 32 18 21 18 21 18 21 18 21 18 21 18 21 18 1 21 18 21 18 21 18 21 18 21 18 21 18
50
43 38 1 5 19 12 7 46 22 8 46 43 16 42 7 41 20 14 31 38 7 47 40 23 19 36 37 36 37 36 37 36 37 36 37 36 37 1 36 37 36 37 36 37 36 37 36 37 36 37
50
25 30 49 14 48 31 29 14 5 12 10 11 5 19 27 10 42 44 13 32 29 32 40 39 49 2 42 2 42 2 42 2 42 2 42 2 42 1 2 42 2 42 2 42 2 42 2 42 2 42
50
16 18 2 37 47 21 41 32 15 30 2 15 18 32 39 9 44 45 28 17 49 37 1 50 2 17 10 17 10 17 10 17 10 17 10 17 10 1 17 10 17 10 17 10 17 10 17 10 17 10
50
8 14 22 5 40 5 17 46 10 1 44 7 31 48 36 18 4 7 8 47 48 1 16 7 40 49 39 49 39 49 39 49 39 49 39 49 39 1 49 39 49 39 49 39 49 39 49 39 49 39
50
1 2 31 8 50 41 5 23 12 36 8 5 15 41 8 15 45 18 17 45 46 30 21 34 3 2 44 2 44 2 44 2 44 2 44 2 44 1 2 44 2 44 2 44 2 44 2 44 2 44
50
31 12 25 18 36 18 42 20 39 32 8 47 11 26 48 12 15 33 45 37 26 48 1 24 22 50 28 50 28 50 28 50 28 50 28 50 28 1 50 28 50 28 50 28 50 28 50 28 50 28
50
19 27 45 36 24 38 47 31 20 48 24 14 50 11 40 13 43 12 42 14 41 24 44 3 5 32 9 32 9 32 9 32 9 32 9 32 9 1 32 9 32 9 32 9 32 9 32 9 32 9
50
1 20 37 42 39 3 26 37 46 48 49 1 21 24 31 45 39 13 25 11 35 15 26 32 30 38 36 38 36 38 36 38 36 38 36 38 36 1 38 36 38 36 38 36 38 36 38 36 38 36
50
34 46 3 40 42 31 3 28 42 27 15 19 35 31 8 47 12 34 23 3 38 20 17 27 44 43 25 43 25 43 25 43 25 43 25 43 25 1 43 25 43 25 43 25 43 25 43 25 43 25
50
9 27 33 47 29 13 30 32 35 34 28 31 33 25 37 28 45 30 13 1 31 16 27 19 5 20 38 20 38 20 38 20 38 20 38 20 38 1 20 38 20 38 20 38 20 38 20 38 20 38
50
32 40 11 34 33 36 17 7 48 1 23 21 17 24 38 23 34 36 23 28 37 4 48 40 39 8 11 8 11 8 11 8 11 8 11 8 11 1 8 11 8 11 8 11 8 11 8 11 8 11
50
12 3 42 4 22 10 49 19 46 34 11 43 37 34 44 40 1 29 9 41 20 7 50 21 4 11 43 11 43 11 43 11 43 11 43 11 43 1 11 43 11 43 11 43 11 43 11 43 11 43
50
27 24 30 38 17 10 23 44 12 13 26 21 39 16 29 35 48 30 13 29 23 6 35 18 41 47 33 47 33 47 33 47 33 47 33 47 33 1 47 33 47 33 47 33 47 33 47 33 47 33
50
50 46 18 10 43 25 38 30 15 10 44 47 37 12 5 44 31 13 6 32 39 13 47 30 35 36 41 36 41 36 41 36 41 36 41 36 41 1 36 41 36 41 36 41 36 41 36 41 36 41
50
49 30 42 45 22 35 45 11 34 45 33 48 43 20 50 10 32 35 32 4 23 15 47 5 11 13 2 13 2 13 2 13 2 13 2 13 2 1 13 2 13 2 13 2 13 2 13 2 13 2
50
38 27 48 25 24 18 11 29 9 28 23 4 19 3 6 46 31 20 28 50 13 1 37 4 20 11 9 11 9 11 9 11 9 11 9 11 9 1 11 9 11 9 11 9 11 9 11 9 11 9
50
4 35 24 37 27 42 12 6 2 35 20 11 37 45 15 11 5 26 42 29 5 44 25 41 42 21 41 21 41 21 41 21 41 21 41 21 41 1 21 41 21 41 21 41 21 41 21 41 21 41
50
15 44 1 21 41 49 47 13 28 10 18 7 25 11 5 6 19 24 28 8 22 11 35 5 29 19 32 19 32 19 32 19 32 19 32 19 32 1 19 32 19 32 19 32 19 32 19 32 19 32
50
19 17 45 16 36 31 38 16 4 18 32 30 5 19 21 49 16 39 42 41 15 17 13 29 18 11 36 11 36 11 36 11 36 11 36 11 36 1 11 36 11 36 11 36 11 36 11 36 11 36
50
46 3 15 29 45 31 32 50 45 5 37 27 31 44 19 38 11 37 1 41 43 46 39 48 6 31 19 31 19 31 19 31 19 31 19 31 19 1 31 19 31 19 31 19 31 19 31 19 31 19
50
6 41 22 40 6 38 42 26 16 3 25 32 40 50 43 34 27 47 21 3 46 35 39 46 36 18 36 18 36 18 36 18 36 18 36 18 36 1 18 36 18 36 18 36 18 36 18 36 18 36
50
42 15 20 50 8 34 6 9 44 43 29 4 47 17 24 36 50 38 48 2 27 17 7 44 22 19 38 19 38 19 38 19 38 19 38 19 38 1 19 38 19 38 19 38 19 38 19 38 19 38
50
7 12 19 9 24 9 43 44 49 28 3 8 9 35 6 15 44 33 34 7 48 46 41 12 36 23 42 23 42 23 42 23 42 23 42 23 42 1 23 42 23 42 23 42 23 42 23 42 23 42
50
24 23 37 47 13 2 18 10 16 44 22 36 15 33 5 13 40 30 48 4 34 42 38 19 44 26 11 26 11 26 11 26 11 26 11 26 11 1 26 11 26 11 26 11 26 11 26 11 26 11
50
42 12 19 11 7 41 11 33 12 18 28 35 4 5 29 47 3 21 17 30 47 13 16 33 45 5 12 5 12 5 12 5 12 5 12 5 12 1 5 12 5 12 5 12 5 12 5 12 5 12
50
27 35 20 37 11 21 32 25 13 42 16 40 25 13 36 34 47 38 37 7 2 32 2 21 47 5 44 5 44 5 44 5 44 5 44 5 44 1 5 44 5 44 5 44 5 44 5 44 5 44
50
28 20 38 30 2 45 28 8 5 15 6 28 7 44 23 48 5 2 11 29 26 14 13 32 24 9 1 9 1 9 1 9 1 9 1 9 1 2 9 1 9 1 9 1 9 1 9 1 9 1
50
8 27 22 33 2 50 12 17 39 18 49 31 1 31 38 10 45 36 13 20 13 12 36 30 12 15 14 15 14 15 14 15 14 15 14 15 14 1 15 14 15 14 15 14 15 14 15 14 15 14
50
46 6 4 8 18 35 31 23 12 5 28 35 20 3 15 35 10 50 1 38 35 39 13 1 50 42 35 42 35 42 35 42 35 42 35 42 35 1 42 35 42 35 42 35 42 35 42 35 42 35
50
31 19 28 6 16 39 47 12 26 36 2 47 13 25 16 38 17 3 22 31 10 14 34 19 37 6 10 6 10 6 10 6 10 6 10 6 10 1 6 10 6 10 6 10 6 10 6 10 6 10
50
28 14 2 37 48 1 20 9 33 32 9 42 29 27 3 43 21 5 8 41 28 18 17 5 39 7 43 7 43 7 43 7 43 7 43 7 43 1 7 43 7 43 7 43 7 43 7 43 7 43
50
22 31 25 26 37 50 27 3 7 44 27 8 5 6 11 26 3 24 45 9 30 33 27 49 22 9 39 9 39 9 39 9 39 9 39 9 39 1 9 39 9 39 9 39 9 39 9 39 9 39
50
33 7 35 1 34 2 21 1 21 34 26 3 45 19 9 1 25 2 47 40 14 35 2 46 15 12 41 12 41 12 41 12 41 12 41 12 41 1 12 41 12 41 12 41 12 41 12 41 12 41
50
46 27 18 16 4 7 23 48 35 38 37 48 20 43 6 42 13 7 50 2 21 31 45 37 4 1 12 1 12 1 12 1 12 1 12 1 12 2 1 12 1 12 1 12 1 12 1 12 1 12
50
12 29 25 6 23 20 13 35 44 18 14 12 33 1 38 3 40 49 24 8 47 22 3 39 41 42 27 42 27 42 27 42 27 42 27 42 27 1 42 27 42 27 42 27 42 27 42 27 42 27
50
42 45 6 22 24 30 18 20 33 31 37 12 13 36 26 17 43 12 49 30 6 9 30 33 35 34 37 34 37 34 37 34 37 34 37 34 37 1 34 37 34 37 34 37 34 37 34 37 34 37
50
3 46 44 17 4 9 2 11 9 19 9 45 2 45 46 21 8 16 50 44 33 45 22 31 37 47 18 47 18 47 18 47 18 47 18 47 18 1 47 18 47 18 47 18 47 18 47 18 47 18
50
24 47 1 39 37 4 29 5 23 1 14 24 14 5 28 46 3 45 24 40 13 16 42 19 36 25 13 25 13 25 13 25 13 25 13 25 13 1 25 13 25 13 25 13 25 13 25 13 25 13
50
32 28 39 42 19 9 50 14 11 41 20 27 46 7 22 36 19 44 22 10 22 42 35 28 9 28 7 28 7 28 7 28 7 28 7 28 7 1 28 7 28 7 28 7 28 7 28 7 28 7
50
29 1 29 26 25 30 6 35 26 21 35 12 2 22 11 34 4 47 7 13 19 4 1 24 32 9 32 9 32 9 32 9 32 9 32 9 32 1 9 32 9 32 9 32 9 32 9 32 9 32
50
9 7 32 14 24 33 22 36 32 1 37 50 24 5 32 31 36 8 33 16 5 26 3 32 19 34 23 34 23 34 23 34 23 34 23 34 23 1 34 23 34 23 34 23 34 23 34 23 34 23
50
37 21 1 12 48 43 24 13 31 28 44 9 2 33 46 36 20 41 40 39 1 15 10 50 15 6 5 6 5 6 5 6 5 6 5 6 5 1 6 5 6 5 6 5 6 5 6 5 6 5
50
22 19 20 22 27 7 40 23 43 36 47 42 34 44 19 30 37 9 47 36 9 45 22 6 19 43 17 43 17 43 17 43 17 43 17 43 17 1 43 17 43 17 43 17 43 17 43 17 43 17
50
27 23 10 7 36 2 31 2 28 34 37 43 10 42 37 27 36 19 28 12 34 19 32 41 8 12 39 12 39 12 39 12 39 12 39 12 39 1 12 39 12 39 12 39 12 39 12 39 12 39
50
29 20 19 4 32 44 39 43 25 37 48 8 10 41 6 17 40 37 16 49 27 30 7 50 20 8 5 8 5 8 5 8 5 8 5 8 5 1 8 5 8 5 8 5 8 5 8 5 8 5
50
40 41 2 38 23 6 7 24 11 19 48 19 16 39 14 44 38 32 15 1 38 3 13 1 43 35 18 35 18 35 18 35 18 35 18 35 18 1 35 18 35 18 35 18 35 18 35 18 35 18
50
26 43 22 29 11 29 12 34 32 38 30 10 46 36 44 7 30 29 22 38 31 47 7 3 45 13 15 13 15 13 15 13 15 13 15 13 15 1 13 15 13 15 13 15 13 15 13 15 13 15
