59
67
17 67 10 42 49 47 66 59 29 5 8 40 55 47 30 3 43 45 50 61 14 45 6 22 65 40 32 13 38 11 9 28 61 25 67 48 67 48 67 48 67 48 67 48 67 48 67 48 67 48 1 67 48 67 48 67 48 67 48 67 48 67 48 67 48 67 48
67
48 17 13 48 67 64 25 41 24 28 27 45 39 50 34 2 4 22 25 18 21 62 30 48 12 42 47 36 3 46 34 61 57 64 44 52 44 52 44 52 44 52 44 52 44 52 44 52 44 52 1 44 52 44 52 44 52 44 52 44 52 44 52 44 52 44 52
67
41 19 38 5 53 10 54 43 6 65 15 47 46 11 16 40 2 25 33 49 48 44 62 33 41 36 6 58 21 50 21 28 23 56 62 55 62 55 62 55 62 55 62 55 62 55 62 55 62 55 1 62 55 62 55 62 55 62 55 62 55 62 55 62 55 62 55
67
57 51 20 54 35 19 5 34 29 61 28 60 4 35 24 66 29 62 4 23 56 55 45 34 64 21 66 41 27 39 66 61 58 4 40 18 40 18 40 18 40 18 40 18 40 18 40 18 40 18 1 40 18 40 18 40 18 40 18 40 18 40 18 40 18 40 18
67
20 23 1 56 62 17 40 2 3 29 63 65 16 57 29 41 60 7 48 32 53 6 58 33 65 34 22 48 55 6 26 4 18 42 60 65 60 65 60 65 60 65 60 65 60 65 60 65 60 65 1 60 65 60 65 60 65 60 65 60 65 60 65 60 65 60 65
67
54 6 26 55 42 45 39 51 43 7 56 45 22 8 45 55 35 59 30 28 33 54 20 49 67 27 12 10 46 51 62 40 19 58 23 37 23 37 23 37 23 37 23 37 23 37 23 37 23 37 1 23 37 23 37 23 37 23 37 23 37 23 37 23 37 23 37
67
28 34 62 66 38 60 61 42 63 11 23 17 57 24 4 22 40 36 61 31 25 11 7 37 29 62 8 43 40 20 18 44 43 4 28 20 28 20 28 20 28 20 28 20 28 20 28 20 28 20 1 28 20 28 20 28 20 28 20 28 20 28 20 28 20 28 20
67
3 2 21 5 32 42 54 6 53 16 18 3 8 37 14 51 23 48 40 55 33 39 21 42 67 5 12 53 64 51 40 65 41 49 7 1 7 1 7 1 7 1 7 1 7 1 7 1 7 1 2 7 1 7 1 7 1 7 1 7 1 7 1 7 1 7 1
67
10 40 63 57 7 49 57 27 8 7 12 44 51 12 57 36 29 53 45 38 32 47 44 59 8 32 2 33 57 51 1 32 31 40 3 2 3 2 3 2 3 2 3 2 3 2 3 2 3 2 1 3 2 3 2 3 2 3 2 3 2 3 2 3 2 3 2
67
5 60 40 45 66 42 5 52 46 44 17 18 32 60 3 49 43 42 57 38 27 31 29 49 10 36 11 18 15 5 35 51 67 64 29 40 29 40 29 40 29 40 29 40 29 40 29 40 29 40 1 29 40 29 40 29 40 29 40 29 40 29 40 29 40 29 40
67
54 29 50 42 46 38 4 29 35 19 1 43 63 14 54 19 11 17 18 6 19 60 31 21 7 5 19 45 2 44 48 29 38 12 17 58 17 58 17 58 17 58 17 58 17 58 17 58 17 58 1 17 58 17 58 17 58 17 58 17 58 17 58 17 58 17 58
67
13 11 22 27 6 50 58 54 47 43 61 27 20 30 67 47 40 4 59 53 51 9 58 47 43 21 7 5 24 31 35 2 63 66 14 49 14 49 14 49 14 49 14 49 14 49 14 49 14 49 1 14 49 14 49 14 49 14 49 14 49 14 49 14 49 14 49
67
48 42 3 11 1 8 62 11 18 34 58 19 20 24 8 66 29 48 53 4 29 8 6 59 26 51 66 3 26 11 39 3 44 32 50 42 50 42 50 42 50 42 50 42 50 42 50 42 50 42 1 50 42 50 42 50 42 50 42 50 42 50 42 50 42 50 42
67
34 42 52 16 58 56 9 53 59 63 14 8 2 23 53 49 60 44 42 8 35 47 31 38 27 45 11 55 67 37 10 36 61 30 31 1 31 1 31 1 31 1 31 1 31 1 31 1 31 1 2 31 1 31 1 31 1 31 1 31 1 31 1 31 1 31 1
67
59 29 24 32 55 36 55 49 29 49 37 23 51 58 53 10 2 58 1 5 11 42 63 38 40 22 9 13 37 42 32 15 2 8 3 56 3 56 3 56 3 56 3 56 3 56 3 56 3 56 1 3 56 3 56 3 56 3 56 3 56 3 56 3 56 3 56
67
9 49 13 24 59 60 58 37 30 47 31 62 49 29 9 61 31 54 16 10 9 39 5 4 15 48 27 45 24 26 13 19 23 47 17 45 17 45 17 45 17 45 17 45 17 45 17 45 17 45 1 17 45 17 45 17 45 17 45 17 45 17 45 17 45 17 45
67
21 33 53 9 21 48 51 6 36 45 65 12 38 66 67 30 45 48 59 65 58 22 47 53 41 56 66 19 11 15 8 64 62 67 58 22 58 22 58 22 58 22 58 22 58 22 58 22 58 22 1 58 22 58 22 58 22 58 22 58 22 58 22 58 22 58 22
67
43 12 2 32 41 42 11 39 31 24 61 41 32 25 31 30 54 21 55 9 6 51 39 13 45 41 53 33 37 20 9 17 41 46 52 65 52 65 52 65 52 65 52 65 52 65 52 65 52 65 1 52 65 52 65 52 65 52 65 52 65 52 65 52 65 52 65
67
27 46 13 41 31 39 46 64 10 62 51 21 58 45 25 37 29 17 20 39 34 35 28 64 30 5 62 44 12 16 40 41 37 29 2 24 2 24 2 24 2 24 2 24 2 24 2 24 2 24 1 2 24 2 24 2 24 2 24 2 24 2 24 2 24 2 24
67
7 27 9 51 3 37 39 51 49 22 49 2 33 17 62 30 36 38 1 11 4 48 20 23 26 5 37 17 25 63 43 24 21 46 57 25 57 25 57 25 57 25 57 25 57 25 57 25 57 25 1 57 25 57 25 57 25 57 25 57 25 57 25 57 25 57 25
68
31 14 49 15 38 27 55 8 53 22 25 55 46 56 52 64 65 18 65 45 19 51 25 16 13 45 47 21 67 8 17 26 40 10 40 27 53 27 53 27 53 27 53 27 53 27 53 27 53 27 53 1 27 53 27 53 27 53 27 53 27 53 27 53 27 53 27 53
68
21 46 30 23 40 43 29 60 29 11 37 56 66 28 15 1 68 13 50 45 63 18 7 29 24 43 14 45 22 8 43 1 17 42 56 63 33 63 33 63 33 63 33 63 33 63 33 63 33 63 33 1 63 33 63 33 63 33 63 33 63 33 63 33 63 33 63 33
68
60 42 11 62 25 43 42 45 3 41 10 36 24 56 25 55 11 62 46 17 1 48 55 64 12 16 12 11 28 52 57 66 46 2 67 60 16 60 16 60 16 60 16 60 16 60 16 60 16 60 16 1 60 16 60 16 60 16 60 16 60 16 60 16 60 16 60 16
68
6 37 59 14 64 44 38 62 3 32 67 66 31 18 52 6 11 60 5 6 33 27 38 66 15 45 15 17 50 32 61 63 20 23 21 43 53 43 53 43 53 43 53 43 53 43 53 43 53 43 53 1 43 53 43 53 43 53 43 53 43 53 43 53 43 53 43 53
68
17 42 64 62 39 44 6 40 62 2 13 51 8 56 35 21 29 47 55 10 35 36 25 6 64 66 34 44 47 29 30 47 10 37 48 21 60 21 60 21 60 21 60 21 60 21 60 21 60 21 60 1 21 60 21 60 21 60 21 60 21 60 21 60 21 60 21 60
68
26 45 59 57 19 14 7 44 61 10 40 34 14 20 52 8 12 17 7 14 20 64 47 48 14 62 15 29 7 5 21 43 1 22 26 7 42 7 42 7 42 7 42 7 42 7 42 7 42 7 42 1 7 42 7 42 7 42 7 42 7 42 7 42 7 42 7 42
68
19 47 44 62 65 39 58 41 17 67 20 55 15 59 23 50 46 51 23 48 19 30 53 45 44 68 20 43 34 13 64 6 10 55 17 22 29 22 29 22 29 22 29 22 29 22 29 22 29 22 29 1 22 29 22 29 22 29 22 29 22 29 22 29 22 29 22 29
68
49 14 40 41 12 15 67 3 17 68 23 51 56 4 31 6 46 57 67 4 49 19 10 51 9 65 20 60 47 40 19 27 42 32 4 32 34 32 34 32 34 32 34 32 34 32 34 32 34 32 34 1 32 34 32 34 32 34 32 34 32 34 32 34 32 34 32 34
68
1 21 32 40 24 52 45 15 1 67 12 66 60 5 47 63 40 34 37 22 38 25 20 24 36 38 47 19 46 45 12 53 60 9 68 66 3 66 3 66 3 66 3 66 3 66 3 66 3 66 3 1 66 3 66 3 66 3 66 3 66 3 66 3 66 3 66 3
68
46 8 44 35 12 30 36 53 62 65 28 22 59 24 67 56 40 21 28 15 31 56 20 14 68 20 42 11 60 64 9 54 14 16 46 20 49 20 49 20 49 20 49 20 49 20 49 20 49 20 49 1 20 49 20 49 20 49 20 49 20 49 20 49 20 49 20 49
68
60 61 42 53 61 11 24 42 57 28 19 2 55 62 48 41 31 52 3 19 34 16 46 51 27 31 17 12 65 31 30 45 20 47 37 26 63 26 63 26 63 26 63 26 63 26 63 26 63 26 63 1 26 63 26 63 26 63 26 63 26 63 26 63 26 63 26 63
68
25 34 10 50 53 66 39 52 39 30 68 27 16 34 40 25 62 54 46 35 11 22 66 14 41 29 58 61 38 22 66 8 18 28 42 38 29 38 29 38 29 38 29 38 29 38 29 38 29 38 29 1 38 29 38 29 38 29 38 29 38 29 38 29 38 29 38 29
68
24 48 66 4 59 19 6 37 3 45 65 42 63 19 57 17 42 64 38 33 12 52 34 3 47 52 8 62 3 22 39 32 22 50 22 63 48 63 48 63 48 63 48 63 48 63 48 63 48 63 48 1 63 48 63 48 63 48 63 48 63 48 63 48 63 48 63 48
68
51 20 25 24 46 21 1 12 59 54 58 65 61 65 25 33 43 6 4 50 49 48 58 31 50 1 34 68 1 3 32 60 33 45 6 60 54 60 54 60 54 60 54 60 54 60 54 60 54 60 54 1 60 54 60 54 60 54 60 54 60 54 60 54 60 54 60 54
68
21 25 14 25 45 57 61 27 57 20 19 21 66 47 52 38 30 15 32 22 30 38 11 4 67 56 49 58 47 66 8 54 36 25 53 59 60 59 60 59 60 59 60 59 60 59 60 59 60 59 60 1 59 60 59 60 59 60 59 60 59 60 59 60 59 60 59 60
68
59 23 44 48 27 66 56 20 23 9 61 46 8 63 38 16 64 19 33 51 34 52 63 1 10 7 50 19 18 39 43 58 49 20 55 16 28 16 28 16 28 16 28 16 28 16 28 16 28 16 28 1 16 28 16 28 16 28 16 28 16 28 16 28 16 28 16 28
68
3 56 21 40 60 40 52 44 37 63 65 51 15 41 7 9 57 29 52 6 38 48 65 25 43 57 65 21 30 45 30 24 23 40 51 30 68 30 68 30 68 30 68 30 68 30 68 30 68 30 68 1 30 68 30 68 30 68 30 68 30 68 30 68 30 68 30 68
68
34 40 48 43 24 2 46 57 68 11 43 22 68 39 31 22 41 37 19 23 46 45 46 61 23 15 20 55 27 7 13 20 46 62 23 31 15 31 15 31 15 31 15 31 15 31 15 31 15 31 15 1 31 15 31 15 31 15 31 15 31 15 31 15 31 15 31 15
68
27 13 54 2 16 27 64 44 46 67 12 44 48 56 36 48 43 56 3 2 68 49 4 62 35 20 7 63 67 42 15 36 61 49 54 51 64 51 64 51 64 51 64 51 64 51 64 51 64 51 64 1 51 64 51 64 51 64 51 64 51 64 51 64 51 64 51 64
68
33 20 21 35 63 38 35 65 37 44 20 53 55 62 61 51 38 56 61 14 47 26 15 31 19 62 6 50 55 44 33 38 37 17 8 65 10 65 10 65 10 65 10 65 10 65 10 65 10 65 10 1 65 10 65 10 65 10 65 10 65 10 65 10 65 10 65 10
68
30 15 14 9 32 4 5 50 40 17 40 25 15 31 45 49 67 48 29 37 59 52 14 63 49 25 68 2 58 5 40 50 48 27 61 9 30 9 30 9 30 9 30 9 30 9 30 9 30 9 30 1 9 30 9 30 9 30 9 30 9 30 9 30 9 30 9 30
68
33 52 68 10 13 25 26 57 6 15 36 53 17 36 59 66 2 54 28 16 64 59 34 16 36 2 52 8 4 10 30 10 6 2 35 50 59 50 59 50 59 50 59 50 59 50 59 50 59 50 59 1 50 59 50 59 50 59 50 59 50 59 50 59 50 59 50 59
68
35 9 25 60 48 46 37 11 58 47 5 9 23 6 68 38 26 56 20 35 25 60 27 17 41 5 27 24 6 54 14 28 65 14 31 34 10 34 10 34 10 34 10 34 10 34 10 34 10 34 10 1 34 10 34 10 34 10 34 10 34 10 34 10 34 10 34 10
68
19 22 2 26 63 42 7 36 45 55 35 10 51 17 62 9 26 31 12 47 62 49 23 66 13 62 33 34 55 5 58 21 28 50 61 23 62 23 62 23 62 23 62 23 62 23 62 23 62 23 62 1 23 62 23 62 23 62 23 62 23 62 23 62 23 62 23 62
68
26 36 38 31 28 57 29 49 3 14 55 11 20 34 17 5 54 37 59 1 5 38 52 49 4 50 38 46 22 68 16 29 65 41 47 68 66 68 66 68 66 68 66 68 66 68 66 68 66 68 66 1 68 66 68 66 68 66 68 66 68 66 68 66 68 66 68 66
68
25 35 15 37 30 45 38 66 29 50 63 47 2 47 61 19 27 3 62 16 51 14 62 6 1 31 24 36 23 54 12 30 24 54 42 12 48 12 48 12 48 12 48 12 48 12 48 12 48 12 48 1 12 48 12 48 12 48 12 48 12 48 12 48 12 48 12 48
68
53 43 65 47 63 9 24 66 67 63 27 52 39 26 54 7 3 11 51 47 63 11 64 8 53 31 29 61 41 1 66 20 3 25 34 24 19 24 19 24 19 24 19 24 19 24 19 24 19 24 19 1 24 19 24 19 24 19 24 19 24 19 24 19 24 19 24 19
68
41 59 65 18 30 52 47 11 66 28 52 7 45 6 19 25 5 8 45 59 9 8 39 47 34 24 59 19 21 25 28 12 56 27 35 27 25 27 25 27 25 27 25 27 25 27 25 27 25 27 25 1 27 25 27 25 27 25 27 25 27 25 27 25 27 25 27 25
68
35 6 66 45 57 20 25 9 58 8 68 34 21 65 53 51 37 41 60 6 2 33 42 63 68 29 49 65 68 3 31 20 43 13 39 2 36 2 36 2 36 2 36 2 36 2 36 2 36 2 36 1 2 36 2 36 2 36 2 36 2 36 2 36 2 36 2 36
68
61 41 39 2 10 62 59 17 57 42 55 1 6 62 9 42 45 1 50 60 56 13 48 47 8 15 31 60 41 3 62 24 67 59 66 12 46 12 46 12 46 12 46 12 46 12 46 12 46 12 46 1 12 46 12 46 12 46 12 46 12 46 12 46 12 46 12 46
68
22 6 15 23 51 41 66 65 7 56 62 9 39 46 9 25 50 11 52 37 16 30 9 32 5 3 32 34 67 49 34 29 10 48 64 11 57 11 57 11 57 11 57 11 57 11 57 11 57 11 57 1 11 57 11 57 11 57 11 57 11 57 11 57 11 57 11 57
68
21 59 50 35 63 29 63 27 4 5 18 16 23 3 47 26 29 13 42 45 54 16 9 13 51 36 47 46 54 38 61 15 16 17 21 39 4 39 4 39 4 39 4 39 4 39 4 39 4 39 4 1 39 4 39 4 39 4 39 4 39 4 39 4 39 4 39 4
68
29 34 5 46 12 33 19 45 33 48 19 13 22 39 40 63 42 10 11 24 28 15 12 35 20 32 4 25 36 66 17 22 61 13 50 39 67 39 67 39 67 39 67 39 67 39 67 39 67 39 67 1 39 67 39 67 39 67 39 67 39 67 39 67 39 67 39 67
68
40 26 28 6 27 63 58 48 55 47 15 9 15 27 18 25 47 61 62 59 67 1 59 13 12 17 6 5 45 6 37 17 7 37 6 49 33 49 33 49 33 49 33 49 33 49 33 49 33 49 33 1 49 33 49 33 49 33 49 33 49 33 49 33 49 33 49 33
68
52 39 64 66 61 12 43 16 57 5 68 30 22 7 67 9 68 55 41 65 4 39 26 30 39 11 50 10 29 63 22 49 36 35 60 35 10 35 10 35 10 35 10 35 10 35 10 35 10 35 10 1 35 10 35 10 35 10 35 10 35 10 35 10 35 10 35 10
68
43 63 21 55 60 18 3 37 4 10 2 40 32 4 63 5 25 61 57 35 47 17 68 32 9 20 68 39 40 64 48 10 11 55 41 17 68 17 68 17 68 17 68 17 68 17 68 17 68 17 68 1 17 68 17 68 17 68 17 68 17 68 17 68 17 68 17 68
68
53 35 29 33 2 5 28 12 66 62 44 5 63 58 55 59 62 8 37 56 2 47 58 12 38 34 68 25 55 3 35 24 5 59 28 8 34 8 34 8 34 8 34 8 34 8 34 8 34 8 34 1 8 34 8 34 8 34 8 34 8 34 8 34 8 34 8 34
68
20 19 47 29 23 16 57 41 19 54 35 29 26 52 57 47 29 12 38 39 63 15 33 28 67 37 1 40 47 15 20 42 16 17 62 50 23 50 23 50 23 50 23 50 23 50 23 50 23 50 23 1 50 23 50 23 50 23 50 23 50 23 50 23 50 23 50 23
68
61 23 19 15 20 7 27 65 60 7 56 57 39 10 36 26 18 68 45 32 25 66 9 29 18 63 39 29 19 1 38 49 55 18 5 38 14 38 14 38 14 38 14 38 14 38 14 38 14 38 14 1 38 14 38 14 38 14 38 14 38 14 38 14 38 14 38 14
