76
52
9 15 40 15 40 15 40 15 40 15 40 15 40 15 40 16 15 40 15 40 15 40 15 40 15 40 15 16 15 40 15 40 15 40 15 16 15 40 15 40 15 40 15 40 15 40 16 15 40 15 40 15
52
47 11 2 11 2 11 2 11 2 11 2 11 2 11 2 11 2 11 2 11 2 12 11 2 11 2 11 2 11 2 11 2 12 11 2 11 2 11 2 11 2 11 2 11 2 11 2 11 2 12 11 12
52
30 27 46 27 46 27 46 27 46 27 46 27 46 27 46 14 27 46 27 46 27 46 27 46 27 46 14 27 46 27 46 27 46 27 14 27 46 27 46 27 46 27 46 27 46 27 46 27 14 27 14 27
52
46 35 8 35 8 35 8 35 8 35 8 35 8 35 8 6 35 8 35 8 35 8 35 8 35 8 35 8 35 6 35 8 35 8 35 8 35 8 35 6 35 8 35 8 35 8 35 6 35 8 6 35
52
15 34 16 34 16 34 16 34 16 34 16 34 16 47 34 16 34 16 34 16 34 16 34 16 34 16 34 16 34 16 34 16 34 16 47 34 16 34 16 34 16 34 16 34 16 34 16 47 34 16 34 16
52
2 9 33 9 33 9 33 9 33 9 33 9 33 9 33 9 33 9 33 9 33 9 1 9 33 9 1 9 1 9 33 9 33 9 33 9 33 9 33 9 33 9 33 9 33 9 33 9 33 9 1 9
52
45 2 34 2 34 50 2 34 2 34 2 34 2 34 2 34 2 34 2 34 50 2 34 2 34 2 34 2 34 2 34 2 34 50 2 34 2 34 2 34 2 34 50 2 50 2 34 2 34 2 50 2
52
35 2 16 2 16 2 16 2 16 26 2 26 2 16 2 16 2 16 2 16 26 2 16 2 16 2 16 2 16 2 16 2 16 2 16 2 26 2 26 2 16 2 16 2 16 2 26 2 16 2 16 2
52
27 15 34 15 34 15 34 15 34 15 34 15 34 15 34 15 34 15 38 15 34 15 34 15 34 15 34 15 34 15 34 15 34 15 34 15 38 15 34 15 34 15 34 15 34 15 34 15 34 15 34 38
52
50 48 7 48 7 48 7 48 7 14 48 7 48 7 48 7 48 7 48 7 48 7 48 7 48 7 48 7 48 7 14 48 7 48 7 48 14 48 7 48 7 48 7 48 7 48 7 48 7 48 7 48
52
27 33 48 33 48 33 48 33 50 33 48 33 48 33 48 33 48 33 48 33 48 33 48 33 48 33 50 33 48 33 48 50 33 48 33 48 33 48 33 48 33 48 33 48 33 48 33 48 33 48 33 48
52
32 51 33 51 33 51 33 51 33 51 33 51 33 51 33 51 33 51 33 51 41 51 33 51 33 51 41 51 33 51 33 51 33 51 33 51 33 51 33 41 51 41 51 33 51 33 51 33 51 33 51 33
52
16 22 18 22 18 22 18 22 18 22 18 22 18 19 22 18 22 18 22 18 22 18 22 18 22 18 22 18 22 18 22 18 22 19 22 18 22 18 22 18 22 18 19 22 18 22 18 22 18 22 18 22
52
14 31 16 31 16 31 16 31 16 31 16 31 16 31 16 39 31 16 31 16 31 16 31 16 31 39 31 16 31 16 31 16 31 16 31 16 31 16 31 16 31 16 31 39 31 16 39 31 16 31 39 31
52
25 16 40 16 40 16 40 41 16 40 16 40 16 41 16 40 16 40 16 40 16 40 16 40 16 41 16 40 16 40 16 40 16 41 16 40 16 40 16 40 16 40 16 40 16 40 16 40 16 41 16 40
52
4 5 45 5 45 5 45 5 45 5 45 5 45 5 45 18 5 45 5 45 5 45 5 45 5 45 5 45 18 5 45 5 45 5 45 5 45 5 45 5 45 5 45 5 45 5 45 18 5 18 5 18
52
51 45 26 45 26 45 26 45 26 45 26 45 26 45 26 45 26 33 45 26 45 33 45 26 45 26 45 33 45 26 45 26 45 26 45 26 45 26 45 26 45 26 45 33 45 26 45 26 45 26 45 33
52
44 13 26 13 26 13 26 13 26 13 26 13 26 13 26 13 26 13 48 13 26 13 26 13 26 13 26 13 48 13 26 13 26 13 26 13 26 48 13 26 13 26 13 26 13 26 13 26 13 26 13 48
52
5 6 41 6 41 6 41 6 41 6 41 6 41 51 6 41 6 41 51 6 41 6 41 6 41 6 51 6 41 6 41 6 41 6 41 6 41 6 41 51 6 41 6 41 51 6 41 6 41 51 6 41
52
41 34 44 34 44 34 2 34 44 34 44 34 44 34 44 34 44 34 44 34 44 34 44 34 44 34 44 34 2 34 44 34 2 34 44 34 44 34 44 34 44 34 44 34 44 34 44 2 34 2 34 2
52
7 20 24 20 24 20 42 20 24 20 24 20 24 20 24 42 20 24 20 24 20 24 20 24 20 24 20 42 20 24 20 24 20 24 20 24 20 24 20 24 20 24 20 24 20 24 20 24 42 20 42 20
52
43 49 13 49 13 49 13 49 13 49 13 49 13 4 49 13 49 13 49 13 4 49 13 4 49 13 49 13 49 13 49 13 49 13 49 13 49 13 49 13 49 13 49 4 49 13 49 13 49 4 49 13
52
42 44 25 44 25 44 25 44 25 44 25 44 25 44 25 44 25 44 25 44 25 26 44 25 44 25 44 25 44 25 44 25 44 25 44 25 44 25 44 25 26 44 25 44 26 44 26 44 25 44 26 44
52
38 14 28 14 28 48 14 28 14 28 14 28 14 28 14 28 14 28 14 28 14 28 14 28 48 14 28 14 28 14 28 14 28 14 28 14 28 14 28 48 14 28 14 28 14 28 14 28 14 28 14 48
52
30 23 34 23 34 23 34 23 34 23 34 23 17 23 17 23 34 23 34 23 34 23 34 23 34 17 23 34 23 34 23 34 23 34 23 34 23 34 23 17 23 34 23 17 23 34 23 34 23 34 23 17
52
32 31 1 31 1 31 1 31 1 31 1 31 1 31 22 31 1 31 1 31 1 31 1 31 1 31 1 31 1 31 1 31 1 22 31 1 31 1 31 1 31 1 31 1 31 1 31 1 31 1 22 31
52
37 48 20 48 20 48 20 48 20 15 48 20 48 20 48 20 48 20 48 20 48 20 48 20 48 20 48 20 48 15 48 20 48 20 48 20 15 48 20 48 20 48 20 48 20 48 15 48 15 48 20 48
52
24 22 1 22 1 22 1 22 1 22 30 22 1 22 1 22 1 22 1 22 1 22 1 22 1 22 30 22 1 22 1 22 1 22 1 22 1 22 1 22 1 22 1 30 22 1 30 22 30 22 1 22
52
31 21 4 21 4 21 4 21 4 21 4 21 4 21 4 21 4 21 4 21 4 21 36 21 4 21 4 21 4 21 4 21 36 21 36 21 4 21 4 21 4 21 4 21 4 21 36 21 36 21 36 21
52
49 25 16 25 16 25 16 25 16 25 36 25 16 25 16 25 16 25 16 25 16 25 16 25 16 25 16 25 16 25 16 25 36 25 16 25 16 25 16 36 25 16 25 16 25 16 25 36 25 16 25 36
52
50 51 15 51 15 51 15 51 15 51 15 51 15 51 15 44 51 15 51 15 51 15 51 15 51 15 51 15 51 15 44 51 15 51 15 51 15 51 15 44 51 15 51 15 51 15 44 51 15 51 44 51
52
48 7 34 7 34 7 34 7 34 7 34 7 34 7 34 7 34 7 34 7 42 7 34 7 34 7 34 7 34 42 7 34 7 34 7 34 7 34 7 34 7 34 7 42 7 42 7 34 7 34 7 34
52
42 5 41 5 41 5 41 5 41 5 41 5 41 5 41 5 41 33 5 41 5 41 5 33 5 41 5 41 5 41 5 41 5 41 5 41 5 41 5 33 5 41 5 41 5 41 5 41 5 41 33 5
52
30 7 5 7 5 7 5 7 5 7 5 7 5 7 23 7 23 7 5 7 5 7 5 7 5 7 5 23 7 5 7 5 7 5 7 5 7 5 7 5 7 5 7 5 7 5 7 5 23 7 5 7
52
21 43 1 45 43 1 45 43 1 43 1 43 1 45 43 1 43 1 43 1 43 1 43 1 43 1 43 1 43 1 43 45 43 1 43 1 43 1 43 1 43 1 43 45 43 45 43 1 43 1 45 43
52
38 25 35 25 35 25 35 25 35 25 35 25 35 50 25 35 25 35 25 35 25 35 50 25 35 25 35 25 35 25 35 25 35 25 35 25 35 25 35 25 35 50 25 35 25 35 25 35 25 35 25 50
52
3 34 46 34 52 34 46 34 46 34 46 34 46 34 46 34 46 34 46 34 46 34 46 34 46 34 52 34 46 34 46 34 46 34 46 34 46 34 46 34 46 34 46 34 46 34 52 34 46 34 46 34
52
14 4 9 4 9 4 9 4 9 4 9 4 9 4 9 4 30 4 9 4 9 4 9 4 9 4 30 4 9 30 4 9 4 9 4 9 4 9 4 9 4 9 30 4 9 4 9 30 4 9 4 9
52
36 20 19 20 19 20 19 20 19 20 19 20 19 33 20 19 20 19 20 19 20 19 20 19 20 19 20 19 20 19 20 19 20 33 20 19 33 20 19 20 19 20 19 20 19 20 19 20 33 20 19 20
52
45 34 28 34 28 34 28 34 28 34 28 34 28 34 28 34 28 34 28 34 14 34 28 34 28 34 28 34 28 34 28 34 28 34 14 34 28 34 28 34 28 34 28 34 28 34 28 34 14 34 14 34
52
34 36 6 36 6 36 6 36 6 36 6 36 6 36 6 36 6 35 36 6 36 6 36 6 36 6 36 6 36 35 36 6 36 6 36 6 36 6 36 6 36 6 35 36 6 36 6 36 6 36 6 36
52
45 15 21 15 21 15 21 15 21 15 21 15 21 15 21 15 21 15 21 15 7 15 21 15 7 15 21 15 21 15 21 15 21 15 21 15 21 15 21 15 21 15 21 15 21 7 15 21 7 15 21 15
52
2 46 21 46 21 46 21 46 3 46 21 46 21 46 21 46 21 46 21 46 21 46 21 46 21 3 46 21 46 21 46 21 46 21 46 21 46 21 46 21 46 21 46 21 46 21 3 46 3 46 21 46
52
36 19 49 19 49 19 49 19 49 19 49 19 49 19 49 19 49 10 19 49 19 49 19 49 19 49 19 49 19 49 10 19 49 19 49 19 49 19 49 19 49 19 49 19 49 19 49 19 49 19 49 10
52
3 23 48 23 48 23 48 23 48 23 48 23 48 23 48 23 48 23 48 23 48 23 4 23 48 23 48 23 48 23 48 4 23 48 23 48 23 48 23 48 23 48 23 48 23 4 23 48 23 48 23 48
52
43 39 28 39 28 39 28 39 28 39 28 39 28 39 28 39 28 39 28 44 39 28 39 28 44 39 28 39 28 44 39 28 39 28 44 39 28 39 44 39 28 39 28 39 28 39 28 39 44 39 44 39
52
38 32 30 26 32 26 32 30 32 30 26 32 30 32 30 32 30 32 30 32 30 32 30 32 26 32 30 32 30 32 30 32 30 32 30 32 30 32 30 32 30 32 30 32 30 26 32 26 32 26 32 30
52
12 48 4 48 4 16 48 4 48 4 48 4 48 4 48 4 48 16 48 4 48 4 48 4 48 4 48 4 48 4 48 4 48 4 48 4 48 4 48 16 48 4 16 48 4 48 4 48 4 48 4 16
52
6 41 28 41 28 41 28 41 28 41 28 41 28 41 28 41 18 41 28 41 28 41 18 41 28 41 28 41 28 18 41 28 41 28 41 28 41 28 41 28 41 28 41 28 18 41 18 41 28 41 18 41
52
19 38 30 38 30 38 30 38 30 38 30 38 30 38 30 38 30 38 30 38 30 38 8 38 30 38 30 38 30 38 8 38 30 38 30 8 38 30 38 30 38 30 38 8 38 30 38 30 38 30 38 8
52
7 14 20 14 20 14 20 14 20 14 20 14 20 14 20 14 20 14 9 14 20 14 20 14 20 14 20 14 20 14 20 14 20 14 9 14 20 14 9 14 20 14 9 14 20 14 20 14 20 14 9 14
52
50 34 38 34 38 7 34 38 34 38 34 38 34 38 7 34 38 34 38 34 38 34 38 34 38 34 38 34 38 34 38 34 38 34 38 7 34 38 34 38 34 38 34 38 34 38 34 7 34 38 34 38
52
15 2 7 2 7 2 7 2 7 2 7 2 7 2 7 2 7 2 6 2 7 2 7 2 7 2 7 6 2 7 2 7 2 7 2 7 2 7 2 7 2 7 2 7 2 7 2 6 2 7 2 7
52
52 49 33 49 33 49 33 49 33 49 33 49 35 49 33 49 33 49 33 49 33 49 33 49 33 49 33 49 33 35 49 33 49 33 49 33 49 33 49 33 49 33 49 33 35 49 33 49 33 49 33 49
52
26 35 24 35 24 35 15 35 24 35 24 35 24 35 24 35 24 35 15 35 24 35 24 35 24 15 35 24 35 24 35 24 35 24 35 24 35 24 35 24 35 24 35 24 15 35 24 35 15 35 24 15
52
37 29 35 29 35 29 35 29 35 29 35 29 35 29 35 29 35 34 29 35 29 35 29 35 34 29 35 29 35 29 35 29 35 29 35 29 35 29 35 29 35 29 35 29 34 29 35 34 29 35 29 34
52
50 21 2 21 2 21 2 21 2 21 10 21 2 21 2 21 10 21 2 21 2 21 2 21 10 21 2 21 2 21 2 21 2 21 2 21 2 21 2 21 2 21 10 21 2 21 2 21 2 21 10 21
53
52 31 16 31 16 31 16 31 16 5 31 16 31 16 31 16 31 16 31 16 31 16 31 16 31 16 5 31 16 31 16 31 16 31 16 31 16 31 16 31 16 31 16 31 16 5 31 5 31 16 31 16 5
53
5 10 41 10 41 10 41 10 41 10 41 10 41 10 41 10 41 10 41 10 39 10 41 10 41 10 41 10 41 10 39 10 41 10 41 10 41 10 41 10 41 10 39 10 41 10 41 10 41 10 39 10 39
53
29 17 44 17 44 17 44 17 44 17 44 17 44 17 44 15 17 44 17 44 17 44 17 15 17 44 17 44 17 44 17 44 17 44 17 44 17 44 17 44 17 44 17 44 17 15 17 44 17 44 17 44 15
53
37 22 6 22 6 22 19 22 6 22 6 22 6 22 6 22 6 22 6 22 19 22 6 22 6 22 19 22 6 22 6 22 6 22 6 22 6 22 6 22 6 22 6 22 6 22 6 22 19 22 6 22 19
53
43 10 42 10 42 10 37 10 42 10 42 10 42 10 42 10 42 10 42 10 42 10 42 37 10 42 37 10 42 10 42 10 42 10 42 10 42 10 42 10 42 10 37 10 42 10 42 10 42 10 42 10 37
53
29 24 49 24 26 24 49 24 26 24 26 24 49 24 49 24 49 24 49 24 26 24 49 24 49 24 49 24 49 24 49 24 49 26 24 49 24 49 24 49 24 49 24 49 24 49 24 49 26 24 49 26 24
53
43 31 14 31 14 31 14 31 14 31 14 31 14 50 31 14 31 14 50 31 14 31 14 31 14 31 14 31 14 31 14 31 14 31 14 31 14 50 31 14 31 14 31 14 31 14 31 14 31 14 31 50 31
53
41 44 23 44 23 44 23 44 17 44 23 44 23 44 23 44 23 44 23 44 23 44 23 44 23 44 23 17 44 23 17 44 23 44 23 17 44 23 44 23 44 23 44 23 17 44 23 44 17 44 23 44 23
53
10 13 28 13 28 13 28 13 28 13 28 13 28 13 28 13 28 35 13 28 13 28 13 28 13 28 13 28 13 28 13 28 35 13 28 13 28 13 28 13 28 13 28 13 28 13 28 13 28 35 13 35 13
53
12 45 21 45 21 29 45 21 45 21 45 21 45 21 45 21 45 21 45 21 45 21 45 21 29 45 21 45 21 45 29 45 21 45 21 45 21 45 21 45 21 45 29 45 21 29 45 21 45 21 45 21 29
53
50 24 38 24 38 24 38 24 38 24 38 24 38 24 38 24 38 48 24 38 24 38 24 38 24 38 24 38 48 24 38 24 38 24 38 48 24 38 24 38 24 38 24 38 24 38 24 38 24 48 24 38 24
53
28 4 7 31 4 7 4 7 4 7 4 7 4 7 4 7 4 7 4 7 4 31 4 7 4 7 4 7 4 7 4 7 4 31 4 31 4 7 4 7 4 7 4 7 4 7 4 7 4 7 31 4 31
53
30 35 19 35 19 35 19 35 19 7 35 19 35 19 35 19 35 19 35 19 35 19 35 19 7 35 19 35 19 35 19 35 19 35 19 35 19 35 19 35 19 35 19 35 19 7 35 19 35 19 35 19 35
53
10 43 29 43 32 43 32 43 32 43 32 43 29 43 32 43 32 43 32 43 32 43 32 43 32 43 32 43 32 43 32 43 32 43 29 43 32 43 32 43 32 29 43 32 29 43 32 43 32 43 32 29 43
53
12 7 38 7 38 24 7 38 24 7 38 7 38 7 38 7 38 7 38 7 38 7 38 7 38 7 38 7 38 7 24 7 38 24 7 38 7 38 7 38 24 7 38 24 7 38 24 7 38 7 38 7 38
53
3 27 28 27 28 27 28 27 28 27 21 27 28 27 28 27 28 27 28 27 21 27 28 27 28 27 28 27 28 27 28 21 27 28 27 28 27 28 27 28 27 28 27 28 27 28 21 27 21 27 28 27 28
53
35 21 38 21 38 21 38 21 38 21 38 52 21 38 21 38 21 38 21 38 21 38 21 38 52 21 38 21 52 21 38 21 38 21 38 21 38 52 21 38 21 38 52 21 38 21 38 21 38 21 52 21 38
53
37 23 22 23 22 23 22 23 22 23 22 23 22 23 22 23 22 23 22 23 22 23 43 23 22 23 22 23 22 23 22 23 22 23 43 23 22 23 22 23 22 43 23 22 23 22 23 22 43 23 43 23 22
53
41 48 24 48 1 48 24 48 24 48 24 48 24 48 24 48 24 1 48 24 48 24 48 24 48 24 48 24 48 24 48 24 48 24 1 48 24 48 24 48 24 48 1 48 24 48 24 48 24 48 1 48 24
