73
54
24 13 15 40 35 44 35 54 39 42 35 28 10 42 17 54 3 6 43 49 28 44 47 53 51 48 38 1 24 13 15 40 35 44 35 54 39 42 35 28 10 42 17 54 3 6 43 49 28 44 47 53 51 48
54
42 13 19 31 52 51 19 37 1 25 29 10 36 43 40 27 45 9 29 4 14 42 41 3 17 29 10 1 42 13 19 31 52 51 19 37 1 25 29 10 36 43 40 27 45 9 29 4 14 42 41 3 17 29
54
27 7 30 12 38 30 46 43 7 53 48 37 20 7 17 45 16 6 9 14 18 13 17 6 14 47 43 1 27 7 30 12 38 30 46 43 7 53 48 37 20 7 17 45 16 6 9 14 18 13 17 6 14 47
54
34 48 32 14 49 17 12 44 42 25 40 1 21 18 4 15 19 20 50 7 41 1 6 12 8 12 25 1 34 48 32 14 49 17 12 44 42 25 40 1 21 18 4 15 19 20 50 7 41 1 6 12 8 12
54
21 14 13 26 8 31 52 50 43 48 15 38 39 22 48 7 20 23 52 7 46 1 39 1 11 41 43 1 21 14 13 26 8 31 52 50 43 48 15 38 39 22 48 7 20 23 52 7 46 1 39 1 11 41
54
45 44 36 30 29 49 27 40 8 2 47 26 29 22 11 51 23 50 18 17 26 24 18 22 48 51 7 1 45 44 36 30 29 49 27 40 8 2 47 26 29 22 11 51 23 50 18 17 26 24 18 22 48 51
54
54 35 23 8 40 13 4 24 29 44 48 6 4 26 20 22 43 9 22 4 19 28 53 35 42 54 27 1 54 35 23 8 40 13 4 24 29 44 48 6 4 26 20 22 43 9 22 4 19 28 53 35 42 54
54
19 24 53 44 9 41 49 27 7 23 34 26 42 53 32 12 41 29 19 2 51 8 3 47 34 26 35 1 19 24 53 44 9 41 49 27 7 23 34 26 42 53 32 12 41 29 19 2 51 8 3 47 34 26
54
27 20 40 24 30 12 49 11 38 5 35 7 54 31 16 24 15 28 1 5 1 47 6 53 20 1 38 1 27 20 40 24 30 12 49 11 38 5 35 7 54 31 16 24 15 28 1 5 1 47 6 53 20 1
54
5 23 38 45 33 7 19 48 24 33 38 27 14 34 23 9 33 53 20 28 33 1 50 37 36 42 45 1 5 23 38 45 33 7 19 48 24 33 38 27 14 34 23 9 33 53 20 28 33 1 50 37 36 42
54
53 28 36 46 8 51 37 31 50 23 41 40 32 52 34 28 16 33 32 41 40 14 8 54 38 10 22 1 53 28 36 46 8 51 37 31 50 23 41 40 32 52 34 28 16 33 32 41 40 14 8 54 38 10
54
25 40 26 29 34 53 41 36 17 40 33 39 15 14 34 37 18 15 22 13 27 33 8 49 10 23 10 1 25 40 26 29 34 53 41 36 17 40 33 39 15 14 34 37 18 15 22 13 27 33 8 49 10 23
54
49 40 27 51 22 6 24 35 15 37 29 13 26 21 8 30 10 40 28 21 22 26 32 52 22 31 5 1 49 40 27 51 22 6 24 35 15 37 29 13 26 21 8 30 10 40 28 21 22 26 32 52 22 31
54
38 44 3 22 50 39 1 5 31 49 3 1 18 26 28 24 16 3 37 35 29 3 37 22 34 24 33 1 38 44 3 22 50 39 1 5 31 49 3 1 18 26 28 24 16 3 37 35 29 3 37 22 34 24
54
36 4 24 54 4 23 26 44 15 51 22 52 2 7 14 50 2 52 25 45 22 30 17 22 9 13 6 1 36 4 24 54 4 23 26 44 15 51 22 52 2 7 14 50 2 52 25 45 22 30 17 22 9 13
54
27 15 39 51 40 46 41 54 39 11 1 6 48 41 19 34 48 10 6 41 28 30 54 45 25 50 28 1 27 15 39 51 40 46 41 54 39 11 1 6 48 41 19 34 48 10 6 41 28 30 54 45 25 50
54
30 48 30 11 43 24 21 29 16 37 2 50 33 38 46 10 4 14 20 30 50 22 15 10 9 31 42 1 30 48 30 11 43 24 21 29 16 37 2 50 33 38 46 10 4 14 20 30 50 22 15 10 9 31
54
7 28 8 16 2 48 32 17 6 53 40 49 3 23 30 16 36 7 48 22 12 51 34 28 23 37 1 2 7 28 8 16 2 48 32 17 6 53 40 49 3 23 30 16 36 7 48 22 12 51 34 28 23 37
54
18 30 10 37 2 6 47 41 23 2 53 18 4 27 10 9 8 16 49 12 1 14 7 5 22 25 14 1 18 30 10 37 2 6 47 41 23 2 53 18 4 27 10 9 8 16 49 12 1 14 7 5 22 25
54
19 10 31 44 9 30 16 23 9 30 40 8 5 4 20 7 14 29 47 12 22 7 29 38 52 50 32 1 19 10 31 44 9 30 16 23 9 30 40 8 5 4 20 7 14 29 47 12 22 7 29 38 52 50
54
23 54 34 51 6 49 15 27 43 13 50 19 25 3 21 27 2 41 40 5 49 13 21 40 12 51 11 1 23 54 34 51 6 49 15 27 43 13 50 19 25 3 21 27 2 41 40 5 49 13 21 40 12 51
54
22 41 29 51 31 54 43 23 20 52 11 27 46 20 45 13 42 24 44 37 34 8 15 48 9 44 33 1 22 41 29 51 31 54 43 23 20 52 11 27 46 20 45 13 42 24 44 37 34 8 15 48 9 44
54
22 5 46 26 17 28 12 33 22 41 23 16 31 7 50 18 33 54 44 53 19 13 51 15 26 20 36 1 22 5 46 26 17 28 12 33 22 41 23 16 31 7 50 18 33 54 44 53 19 13 51 15 26 20
54
53 11 31 48 18 46 21 11 18 42 12 27 44 20 25 2 40 14 3 4 48 2 24 23 36 16 50 1 53 11 31 48 18 46 21 11 18 42 12 27 44 20 25 2 40 14 3 4 48 2 24 23 36 16
54
27 29 4 20 29 54 9 30 45 17 48 34 26 46 44 24 25 29 7 36 37 40 25 18 46 30 2 1 27 29 4 20 29 54 9 30 45 17 48 34 26 46 44 24 25 29 7 36 37 40 25 18 46 30
54
1 41 45 48 17 46 52 50 1 52 2 36 19 2 14 24 53 32 52 45 26 28 41 15 42 49 5 2 1 41 45 48 17 46 52 50 1 52 2 36 19 2 14 24 53 32 52 45 26 28 41 15 42 49
54
8 3 53 23 53 32 49 33 29 38 35 46 23 15 23 47 10 24 47 30 19 17 16 14 11 9 19 1 8 3 53 23 53 32 49 33 29 38 35 46 23 15 23 47 10 24 47 30 19 17 16 14 11 9
54
48 8 11 40 39 35 38 51 25 28 32 28 23 19 35 19 37 7 41 17 50 53 39 2 49 28 38 1 48 8 11 40 39 35 38 51 25 28 32 28 23 19 35 19 37 7 41 17 50 53 39 2 49 28
54
16 26 50 33 41 52 10 27 39 28 27 32 3 32 25 3 20 28 41 29 41 26 6 16 43 23 52 1 16 26 50 33 41 52 10 27 39 28 27 32 3 32 25 3 20 28 41 29 41 26 6 16 43 23
54
4 2 20 8 49 38 33 43 22 26 16 46 19 28 31 3 11 8 31 35 48 46 5 10 12 2 21 1 4 2 20 8 49 38 33 43 22 26 16 46 19 28 31 3 11 8 31 35 48 46 5 10 12 2
54
44 41 33 38 1 3 2 54 40 5 48 1 48 32 12 48 38 28 13 46 30 32 47 11 35 37 11 1 44 41 33 38 1 3 2 54 40 5 48 1 48 32 12 48 38 28 13 46 30 32 47 11 35 37
54
41 25 9 24 52 26 5 31 2 44 47 5 53 22 39 40 10 33 35 32 19 42 11 36 4 27 34 1 41 25 9 24 52 26 5 31 2 44 47 5 53 22 39 40 10 33 35 32 19 42 11 36 4 27
54
18 45 3 7 48 50 26 10 19 1 33 29 6 28 40 44 3 42 23 43 45 34 33 20 27 5 45 1 18 45 3 7 48 50 26 10 19 1 33 29 6 28 40 44 3 42 23 43 45 34 33 20 27 5
54
13 41 17 48 39 42 2 28 2 31 53 18 9 15 18 5 17 36 54 40 30 1 54 16 24 29 25 1 13 41 17 48 39 42 2 28 2 31 53 18 9 15 18 5 17 36 54 40 30 1 54 16 24 29
54
1 48 46 51 46 12 36 41 27 32 39 24 29 4 27 43 5 25 22 27 32 30 29 42 6 41 49 2 1 48 46 51 46 12 36 41 27 32 39 24 29 4 27 43 5 25 22 27 32 30 29 42 6 41
54
35 19 32 37 32 24 53 44 5 2 24 46 47 17 24 27 12 29 18 41 52 38 53 41 38 42 8 1 35 19 32 37 32 24 53 44 5 2 24 46 47 17 24 27 12 29 18 41 52 38 53 41 38 42
54
31 14 13 38 50 48 11 26 52 34 20 45 15 33 2 12 51 54 1 50 31 12 50 40 51 54 32 1 31 14 13 38 50 48 11 26 52 34 20 45 15 33 2 12 51 54 1 50 31 12 50 40 51 54
54
13 39 48 2 44 29 32 46 39 40 25 20 40 28 10 52 7 51 8 30 35 28 3 26 48 8 42 1 13 39 48 2 44 29 32 46 39 40 25 20 40 28 10 52 7 51 8 30 35 28 3 26 48 8
54
37 44 36 40 15 5 7 34 33 51 8 40 38 15 12 22 48 7 46 18 23 50 29 18 32 5 26 1 37 44 36 40 15 5 7 34 33 51 8 40 38 15 12 22 48 7 46 18 23 50 29 18 32 5
54
53 49 48 22 15 36 11 8 17 11 22 3 12 40 42 27 28 53 12 51 19 36 41 32 29 28 22 1 53 49 48 22 15 36 11 8 17 11 22 3 12 40 42 27 28 53 12 51 19 36 41 32 29 28
54
2 48 43 38 54 16 53 32 17 54 45 32 41 20 23 18 4 47 36 15 12 20 7 33 5 25 54 1 2 48 43 38 54 16 53 32 17 54 45 32 41 20 23 18 4 47 36 15 12 20 7 33 5 25
54
52 23 12 27 10 35 49 2 11 22 34 33 25 6 39 35 34 52 10 1 29 14 45 8 17 50 33 1 52 23 12 27 10 35 49 2 11 22 34 33 25 6 39 35 34 52 10 1 29 14 45 8 17 50
54
30 6 10 9 43 54 30 38 52 24 23 28 9 39 52 34 14 9 17 44 46 7 28 37 8 54 43 1 30 6 10 9 43 54 30 38 52 24 23 28 9 39 52 34 14 9 17 44 46 7 28 37 8 54
54
51 4 19 22 44 34 35 44 14 37 30 51 19 28 13 33 45 53 51 23 7 14 30 12 28 32 39 1 51 4 19 22 44 34 35 44 14 37 30 51 19 28 13 33 45 53 51 23 7 14 30 12 28 32
54
16 5 19 32 14 37 49 24 18 54 1 52 47 18 30 5 17 49 31 51 31 19 44 33 14 26 22 1 16 5 19 32 14 37 49 24 18 54 1 52 47 18 30 5 17 49 31 51 31 19 44 33 14 26
54
18 33 20 34 32 36 10 54 1 26 48 29 43 40 18 25 17 53 42 17 9 35 52 10 19 20 21 1 18 33 20 34 32 36 10 54 1 26 48 29 43 40 18 25 17 53 42 17 9 35 52 10 19 20
54
12 8 48 14 16 23 33 54 22 12 28 12 49 21 38 23 18 25 33 4 13 27 33 47 41 54 34 1 12 8 48 14 16 23 33 54 22 12 28 12 49 21 38 23 18 25 33 4 13 27 33 47 41 54
54
17 2 15 54 2 21 45 43 28 9 40 12 10 38 49 48 25 45 6 53 22 20 15 51 47 36 7 1 17 2 15 54 2 21 45 43 28 9 40 12 10 38 49 48 25 45 6 53 22 20 15 51 47 36
54
22 40 29 50 53 34 33 40 3 34 7 51 41 13 36 28 53 19 43 30 4 31 42 25 42 24 2 1 22 40 29 50 53 34 33 40 3 34 7 51 41 13 36 28 53 19 43 30 4 31 42 25 42 24
54
45 48 22 5 13 50 2 39 5 52 48 29 13 27 47 3 4 18 46 33 34 22 42 31 26 11 47 1 45 48 22 5 13 50 2 39 5 52 48 29 13 27 47 3 4 18 46 33 34 22 42 31 26 11
54
31 13 37 53 3 54 35 36 27 13 23 52 7 37 1 13 53 16 29 52 34 36 48 51 26 17 45 1 31 13 37 53 3 54 35 36 27 13 23 52 7 37 1 13 53 16 29 52 34 36 48 51 26 17
54
47 16 54 25 27 43 32 35 11 6 19 10 40 50 25 28 9 45 36 53 30 15 37 13 45 5 35 1 47 16 54 25 27 43 32 35 11 6 19 10 40 50 25 28 9 45 36 53 30 15 37 13 45 5
55
30 10 18 55 32 7 27 32 7 28 55 2 30 50 36 42 10 13 42 28 43 16 11 37 19 16 33 1 30 10 18 55 32 7 27 32 7 28 55 2 30 50 36 42 10 13 42 28 43 16 11 37 19 16 33
55
44 30 26 49 27 34 47 42 50 42 29 13 50 31 11 22 43 7 16 40 36 45 4 30 50 15 40 1 44 30 26 49 27 34 47 42 50 42 29 13 50 31 11 22 43 7 16 40 36 45 4 30 50 15 40
55
24 54 5 21 41 43 26 30 24 31 14 17 7 33 29 6 28 7 39 48 24 26 17 27 22 15 22 1 24 54 5 21 41 43 26 30 24 31 14 17 7 33 29 6 28 7 39 48 24 26 17 27 22 15 22
55
48 50 33 31 37 39 40 15 27 32 25 16 51 7 35 1 54 46 42 2 42 18 33 7 27 47 9 1 48 50 33 31 37 39 40 15 27 32 25 16 51 7 35 1 54 46 42 2 42 18 33 7 27 47 9
55
27 7 53 23 5 26 46 20 10 48 12 19 3 54 26 54 45 50 54 14 7 41 17 53 47 44 29 1 27 7 53 23 5 26 46 20 10 48 12 19 3 54 26 54 45 50 54 14 7 41 17 53 47 44 29
55
17 27 37 4 39 4 22 42 25 45 34 33 41 21 51 32 1 52 4 42 10 30 14 17 53 21 32 1 17 27 37 4 39 4 22 42 25 45 34 33 41 21 51 32 1 52 4 42 10 30 14 17 53 21 32
55
4 13 4 21 14 8 21 34 14 6 40 41 46 31 40 15 47 10 50 2 22 20 12 40 14 39 33 1 4 13 4 21 14 8 21 34 14 6 40 41 46 31 40 15 47 10 50 2 22 20 12 40 14 39 33
55
17 9 39 3 51 34 22 37 30 2 44 28 21 47 5 45 22 11 10 32 44 3 30 33 26 44 24 1 17 9 39 3 51 34 22 37 30 2 44 28 21 47 5 45 22 11 10 32 44 3 30 33 26 44 24
55
34 55 49 3 44 20 37 35 20 15 17 40 54 22 43 13 6 25 32 44 41 2 16 55 24 31 16 1 34 55 49 3 44 20 37 35 20 15 17 40 54 22 43 13 6 25 32 44 41 2 16 55 24 31 16
55
9 50 20 53 31 28 45 52 29 52 36 21 34 26 32 14 41 7 35 14 36 51 30 6 7 24 10 1 9 50 20 53 31 28 45 52 29 52 36 21 34 26 32 14 41 7 35 14 36 51 30 6 7 24 10
55
46 11 41 40 54 49 32 33 37 25 24 41 44 27 20 1 34 55 53 29 1 38 47 18 45 17 20 1 46 11 41 40 54 49 32 33 37 25 24 41 44 27 20 1 34 55 53 29 1 38 47 18 45 17 20
55
2 52 41 48 13 48 7 23 29 27 49 27 7 18 19 54 22 24 54 17 5 50 48 35 31 51 34 1 2 52 41 48 13 48 7 23 29 27 49 27 7 18 19 54 22 24 54 17 5 50 48 35 31 51 34
55
55 31 41 29 34 8 33 17 42 2 5 21 42 47 5 8 32 49 13 45 17 28 50 55 38 16 9 1 55 31 41 29 34 8 33 17 42 2 5 21 42 47 5 8 32 49 13 45 17 28 50 55 38 16 9
55
11 10 13 28 39 54 50 33 35 13 5 30 31 52 21 3 11 32 46 41 19 52 27 1 54 49 7 1 11 10 13 28 39 54 50 33 35 13 5 30 31 52 21 3 11 32 46 41 19 52 27 1 54 49 7
55
35 38 18 26 41 42 51 48 44 55 42 35 37 44 10 21 34 42 18 27 50 6 45 51 3 32 54 1 35 38 18 26 41 42 51 48 44 55 42 35 37 44 10 21 34 42 18 27 50 6 45 51 3 32 54
55
51 17 6 19 45 48 12 22 48 9 7 39 44 21 43 27 50 44 32 29 44 46 55 7 37 25 10 1 51 17 6 19 45 48 12 22 48 9 7 39 44 21 43 27 50 44 32 29 44 46 55 7 37 25 10
55
41 17 16 9 42 45 5 14 25 48 40 13 48 44 40 2 51 21 54 28 40 13 42 28 23 12 45 1 41 17 16 9 42 45 5 14 25 48 40 13 48 44 40 2 51 21 54 28 40 13 42 28 23 12 45
55
11 55 41 3 53 17 43 3 15 19 21 29 44 35 50 38 29 12 23 28 35 42 4 38 13 4 6 1 11 55 41 3 53 17 43 3 15 19 21 29 44 35 50 38 29 12 23 28 35 42 4 38 13 4 6
55
33 3 18 5 17 46 21 28 3 12 31 39 2 53 9 27 42 52 31 22 54 24 2 8 31 17 40 1 33 3 18 5 17 46 21 28 3 12 31 39 2 53 9 27 42 52 31 22 54 24 2 8 31 17 40
55
26 36 21 43 35 5 16 31 50 49 39 13 45 53 8 15 4 20 13 33 4 13 20 33 51 41 18 1 26 36 21 43 35 5 16 31 50 49 39 13 45 53 8 15 4 20 13 33 4 13 20 33 51 41 18
55
9 18 41 8 27 31 51 3 4 32 21 7 27 52 44 13 43 14 38 52 42 38 27 32 36 31 42 1 9 18 41 8 27 31 51 3 4 32 21 7 27 52 44 13 43 14 38 52 42 38 27 32 36 31 42
