62
64
20 63 64 6 48 63 9 3 45 33 61 32 29 5 21 7 61 57 1 14 6 52 56 64 27 46 5 59 45 22 27 53 1 20 63 64 6 48 63 9 3 45 33 61 32 29 5 21 7 61 57 1 14 6 52 56 64 27 46 5 59 45 22 27
64
58 12 30 56 25 56 3 64 59 17 20 28 6 24 6 18 62 7 20 61 10 8 1 53 14 64 50 6 14 32 40 49 1 58 12 30 56 25 56 3 64 59 17 20 28 6 24 6 18 62 7 20 61 10 8 1 53 14 64 50 6 14 32 40
64
12 58 11 1 53 17 50 56 17 57 18 52 30 48 28 9 64 2 39 22 6 10 16 62 11 18 16 47 45 13 36 14 1 12 58 11 1 53 17 50 56 17 57 18 52 30 48 28 9 64 2 39 22 6 10 16 62 11 18 16 47 45 13 36
64
10 25 13 10 13 33 41 55 46 37 22 38 52 22 63 43 27 51 41 43 60 42 39 49 19 47 51 36 25 9 62 45 1 10 25 13 10 13 33 41 55 46 37 22 38 52 22 63 43 27 51 41 43 60 42 39 49 19 47 51 36 25 9 62
64
53 42 30 15 47 16 26 38 63 8 30 10 12 64 58 34 47 58 4 43 17 64 35 20 43 54 31 35 37 52 35 11 1 53 42 30 15 47 16 26 38 63 8 30 10 12 64 58 34 47 58 4 43 17 64 35 20 43 54 31 35 37 52 35
64
11 57 31 6 2 16 44 58 21 41 38 21 30 19 62 14 31 39 47 2 18 59 18 25 5 58 22 18 6 33 10 29 1 11 57 31 6 2 16 44 58 21 41 38 21 30 19 62 14 31 39 47 2 18 59 18 25 5 58 22 18 6 33 10
64
15 38 7 31 29 10 50 30 39 8 25 35 51 56 24 46 4 22 49 58 16 36 27 54 33 9 14 49 11 7 2 10 1 15 38 7 31 29 10 50 30 39 8 25 35 51 56 24 46 4 22 49 58 16 36 27 54 33 9 14 49 11 7 2
64
62 29 34 30 20 30 22 60 61 4 26 45 29 64 39 63 49 9 12 28 57 8 39 35 8 18 32 34 60 54 13 62 1 62 29 34 30 20 30 22 60 61 4 26 45 29 64 39 63 49 9 12 28 57 8 39 35 8 18 32 34 60 54 13
64
25 61 38 25 20 19 6 56 49 50 1 23 56 48 6 34 37 30 57 16 37 45 30 10 20 5 53 3 19 9 34 3 1 25 61 38 25 20 19 6 56 49 50 1 23 56 48 6 34 37 30 57 16 37 45 30 10 20 5 53 3 19 9 34
64
33 10 24 2 41 37 10 27 32 13 62 5 25 48 10 19 23 8 3 43 28 32 49 44 24 22 37 18 50 16 52 54 1 33 10 24 2 41 37 10 27 32 13 62 5 25 48 10 19 23 8 3 43 28 32 49 44 24 22 37 18 50 16 52
64
21 60 21 13 9 27 4 10 20 17 6 20 17 28 23 8 58 13 28 4 10 4 20 17 8 30 61 11 51 13 34 62 1 21 60 21 13 9 27 4 10 20 17 6 20 17 28 23 8 58 13 28 4 10 4 20 17 8 30 61 11 51 13 34
64
53 7 51 1 38 6 39 17 21 44 13 41 33 12 43 58 34 24 53 1 61 55 23 45 29 41 10 52 50 39 41 28 1 53 7 51 1 38 6 39 17 21 44 13 41 33 12 43 58 34 24 53 1 61 55 23 45 29 41 10 52 50 39 41
64
2 6 3 60 44 32 33 4 3 20 25 10 55 48 51 38 15 21 47 23 24 38 32 36 21 32 38 53 11 51 48 19 1 2 6 3 60 44 32 33 4 3 20 25 10 55 48 51 38 15 21 47 23 24 38 32 36 21 32 38 53 11 51 48
64
59 56 33 51 54 50 13 59 50 56 8 46 35 50 19 3 46 23 26 35 3 14 64 24 52 9 21 26 6 54 7 30 1 59 56 33 51 54 50 13 59 50 56 8 46 35 50 19 3 46 23 26 35 3 14 64 24 52 9 21 26 6 54 7
64
32 10 43 21 17 37 8 49 20 21 48 57 61 57 15 43 62 1 43 17 24 60 2 35 52 5 8 63 9 53 51 29 1 32 10 43 21 17 37 8 49 20 21 48 57 61 57 15 43 62 1 43 17 24 60 2 35 52 5 8 63 9 53 51
64
49 26 32 63 52 46 8 53 28 30 15 40 64 31 15 34 21 60 14 31 64 55 34 52 57 52 7 41 54 52 33 34 1 49 26 32 63 52 46 8 53 28 30 15 40 64 31 15 34 21 60 14 31 64 55 34 52 57 52 7 41 54 52 33
64
46 60 56 11 32 51 2 36 26 6 9 10 5 33 2 34 2 10 31 50 11 60 47 15 9 25 51 24 50 21 24 55 1 46 60 56 11 32 51 2 36 26 6 9 10 5 33 2 34 2 10 31 50 11 60 47 15 9 25 51 24 50 21 24
64
24 2 6 32 45 55 25 43 22 25 38 55 60 59 53 13 54 62 50 12 2 56 60 51 46 40 4 50 62 35 48 49 1 24 2 6 32 45 55 25 43 22 25 38 55 60 59 53 13 54 62 50 12 2 56 60 51 46 40 4 50 62 35 48
64
46 26 54 12 14 5 7 62 55 34 35 26 3 8 52 15 6 43 29 64 10 55 54 63 15 7 6 39 48 50 42 33 1 46 26 54 12 14 5 7 62 55 34 35 26 3 8 52 15 6 43 29 64 10 55 54 63 15 7 6 39 48 50 42
64
48 43 2 39 4 44 33 19 44 49 38 14 17 39 10 27 14 12 15 54 1 36 16 31 21 53 37 2 20 49 60 4 1 48 43 2 39 4 44 33 19 44 49 38 14 17 39 10 27 14 12 15 54 1 36 16 31 21 53 37 2 20 49 60
64
31 27 12 18 21 10 52 50 59 9 27 57 4 2 3 49 64 14 6 53 46 42 53 32 35 46 18 42 64 9 42 28 1 31 27 12 18 21 10 52 50 59 9 27 57 4 2 3 49 64 14 6 53 46 42 53 32 35 46 18 42 64 9 42
64
58 32 28 6 4 12 22 64 43 38 14 58 6 23 54 15 30 53 24 34 37 30 53 4 63 4 56 20 3 55 30 22 1 58 32 28 6 4 12 22 64 43 38 14 58 6 23 54 15 30 53 24 34 37 30 53 4 63 4 56 20 3 55 30
64
1 33 47 13 48 59 21 10 58 52 2 12 13 17 60 18 13 2 50 57 7 47 28 58 21 11 24 43 7 51 60 9 2 1 33 47 13 48 59 21 10 58 52 2 12 13 17 60 18 13 2 50 57 7 47 28 58 21 11 24 43 7 51 60
64
52 22 51 4 22 32 9 5 55 3 5 57 23 30 25 64 33 13 5 15 62 19 50 57 11 16 56 46 5 47 17 14 1 52 22 51 4 22 32 9 5 55 3 5 57 23 30 25 64 33 13 5 15 62 19 50 57 11 16 56 46 5 47 17
64
19 48 56 15 7 35 5 34 19 48 16 22 14 35 8 40 15 44 39 4 6 42 28 5 34 60 48 24 39 26 18 26 1 19 48 56 15 7 35 5 34 19 48 16 22 14 35 8 40 15 44 39 4 6 42 28 5 34 60 48 24 39 26 18
64
31 33 25 6 27 52 26 38 10 28 14 49 46 14 43 20 17 60 24 57 52 59 1 15 13 21 42 24 20 48 17 59 1 31 33 25 6 27 52 26 38 10 28 14 49 46 14 43 20 17 60 24 57 52 59 1 15 13 21 42 24 20 48 17
64
23 7 48 36 62 45 27 45 42 64 5 31 60 50 5 4 48 27 42 4 63 17 52 37 45 37 41 5 53 31 54 20 1 23 7 48 36 62 45 27 45 42 64 5 31 60 50 5 4 48 27 42 4 63 17 52 37 45 37 41 5 53 31 54
64
59 22 32 26 61 47 27 36 35 31 49 42 20 51 1 59 39 49 53 43 4 51 58 24 15 23 34 62 1 35 52 6 1 59 22 32 26 61 47 27 36 35 31 49 42 20 51 1 59 39 49 53 43 4 51 58 24 15 23 34 62 1 35 52
64
12 33 47 38 41 63 29 37 35 7 8 21 59 17 39 47 21 31 6 57 19 53 4 8 63 61 21 52 8 18 50 36 1 12 33 47 38 41 63 29 37 35 7 8 21 59 17 39 47 21 31 6 57 19 53 4 8 63 61 21 52 8 18 50
64
9 18 36 57 55 36 58 8 30 48 56 7 5 19 44 47 40 9 41 46 9 17 50 15 10 64 63 12 54 1 63 13 1 9 18 36 57 55 36 58 8 30 48 56 7 5 19 44 47 40 9 41 46 9 17 50 15 10 64 63 12 54 1 63
64
50 36 50 63 53 42 39 33 26 52 47 12 41 44 11 44 27 26 54 14 54 44 34 10 39 59 40 46 63 52 26 25 1 50 36 50 63 53 42 39 33 26 52 47 12 41 44 11 44 27 26 54 14 54 44 34 10 39 59 40 46 63 52 26
64
7 44 17 53 40 19 31 4 44 43 35 30 8 33 38 35 25 31 33 9 8 33 59 60 22 55 12 60 61 13 42 22 1 7 44 17 53 40 19 31 4 44 43 35 30 8 33 38 35 25 31 33 9 8 33 59 60 22 55 12 60 61 13 42
64
8 37 55 61 16 19 1 13 54 51 41 22 39 40 13 48 7 13 14 33 44 8 3 18 31 25 5 20 57 49 55 16 1 8 37 55 61 16 19 1 13 54 51 41 22 39 40 13 48 7 13 14 33 44 8 3 18 31 25 5 20 57 49 55
64
54 53 51 63 17 47 44 31 34 28 5 22 52 46 48 62 1 58 34 39 12 63 4 39 36 3 11 45 28 61 39 6 1 54 53 51 63 17 47 44 31 34 28 5 22 52 46 48 62 1 58 34 39 12 63 4 39 36 3 11 45 28 61 39
64
16 7 23 36 41 50 9 42 16 63 24 60 30 20 45 50 11 44 41 37 44 18 6 15 26 37 46 62 40 1 48 24 1 16 7 23 36 41 50 9 42 16 63 24 60 30 20 45 50 11 44 41 37 44 18 6 15 26 37 46 62 40 1 48
64
23 49 44 27 58 14 33 31 44 46 40 50 33 60 1 53 8 46 6 37 61 33 57 27 11 4 61 21 38 49 35 61 1 23 49 44 27 58 14 33 31 44 46 40 50 33 60 1 53 8 46 6 37 61 33 57 27 11 4 61 21 38 49 35
64
9 44 2 47 3 24 61 59 54 39 54 41 25 55 16 23 33 21 19 25 35 10 19 52 11 2 59 33 48 60 10 46 1 9 44 2 47 3 24 61 59 54 39 54 41 25 55 16 23 33 21 19 25 35 10 19 52 11 2 59 33 48 60 10
64
40 58 37 12 15 31 54 52 37 18 15 50 6 2 10 34 6 12 7 1 42 31 46 48 21 59 24 30 35 60 36 28 1 40 58 37 12 15 31 54 52 37 18 15 50 6 2 10 34 6 12 7 1 42 31 46 48 21 59 24 30 35 60 36
64
51 34 19 32 46 27 59 45 37 7 9 42 35 30 59 62 58 9 43 14 57 9 47 55 41 16 2 61 33 28 32 50 1 51 34 19 32 46 27 59 45 37 7 9 42 35 30 59 62 58 9 43 14 57 9 47 55 41 16 2 61 33 28 32
64
42 18 59 51 24 20 3 38 47 26 25 42 41 42 60 31 1 38 62 52 42 57 10 13 39 37 28 27 36 45 62 40 1 42 18 59 51 24 20 3 38 47 26 25 42 41 42 60 31 1 38 62 52 42 57 10 13 39 37 28 27 36 45 62
64
14 32 17 31 50 12 14 58 51 18 46 59 35 14 49 24 5 61 63 35 51 11 16 40 5 27 15 61 54 31 34 17 1 14 32 17 31 50 12 14 58 51 18 46 59 35 14 49 24 5 61 63 35 51 11 16 40 5 27 15 61 54 31 34
65
10 28 40 12 36 42 48 15 2 15 45 12 35 42 59 36 51 61 54 26 35 46 4 24 40 7 13 39 59 55 58 57 1 10 28 40 12 36 42 48 15 2 15 45 12 35 42 59 36 51 61 54 26 35 46 4 24 40 7 13 39 59 55 58 57
65
11 16 58 34 5 7 65 27 3 54 4 64 27 28 2 15 29 27 57 45 22 58 41 35 30 34 28 31 13 33 29 45 1 11 16 58 34 5 7 65 27 3 54 4 64 27 28 2 15 29 27 57 45 22 58 41 35 30 34 28 31 13 33 29 45
65
9 41 60 2 28 17 8 58 65 18 30 11 26 12 20 27 18 65 10 43 30 19 39 34 50 17 13 17 5 41 43 34 1 9 41 60 2 28 17 8 58 65 18 30 11 26 12 20 27 18 65 10 43 30 19 39 34 50 17 13 17 5 41 43 34
65
20 41 46 45 38 10 9 42 59 38 54 50 26 60 44 9 22 44 46 18 60 61 59 20 34 24 30 61 33 13 32 26 1 20 41 46 45 38 10 9 42 59 38 54 50 26 60 44 9 22 44 46 18 60 61 59 20 34 24 30 61 33 13 32 26
65
56 15 17 34 38 50 3 44 48 49 14 53 32 41 13 27 37 28 33 37 45 51 40 56 45 54 14 35 33 18 62 20 1 56 15 17 34 38 50 3 44 48 49 14 53 32 41 13 27 37 28 33 37 45 51 40 56 45 54 14 35 33 18 62 20
65
26 28 36 32 24 7 53 65 34 49 39 15 43 19 56 14 64 19 36 32 50 56 46 13 22 41 31 3 6 53 2 17 1 26 28 36 32 24 7 53 65 34 49 39 15 43 19 56 14 64 19 36 32 50 56 46 13 22 41 31 3 6 53 2 17
65
44 14 39 42 64 11 31 40 16 39 65 5 58 62 40 35 39 17 55 6 11 10 13 22 27 50 17 31 13 54 48 15 1 44 14 39 42 64 11 31 40 16 39 65 5 58 62 40 35 39 17 55 6 11 10 13 22 27 50 17 31 13 54 48 15
65
2 40 26 62 27 62 65 32 59 18 26 21 11 37 34 27 26 21 26 22 57 43 2 17 59 17 35 52 59 20 6 17 1 2 40 26 62 27 62 65 32 59 18 26 21 11 37 34 27 26 21 26 22 57 43 2 17 59 17 35 52 59 20 6 17
65
47 38 62 27 43 29 26 45 33 54 51 64 34 10 38 54 26 33 13 18 59 27 16 61 55 7 21 2 12 18 5 20 1 47 38 62 27 43 29 26 45 33 54 51 64 34 10 38 54 26 33 13 18 59 27 16 61 55 7 21 2 12 18 5 20
65
8 12 18 3 47 44 45 9 4 15 13 4 62 47 48 50 38 49 17 55 16 26 55 27 16 20 39 12 65 44 43 24 1 8 12 18 3 47 44 45 9 4 15 13 4 62 47 48 50 38 49 17 55 16 26 55 27 16 20 39 12 65 44 43 24
65
32 23 21 54 39 42 56 58 36 29 40 34 28 17 2 17 63 7 38 6 59 37 54 44 6 54 25 16 27 39 59 32 1 32 23 21 54 39 42 56 58 36 29 40 34 28 17 2 17 63 7 38 6 59 37 54 44 6 54 25 16 27 39 59 32
65
63 9 11 50 19 21 59 61 64 35 2 28 65 50 29 17 36 37 10 64 57 64 12 49 24 47 43 14 24 63 49 42 1 63 9 11 50 19 21 59 61 64 35 2 28 65 50 29 17 36 37 10 64 57 64 12 49 24 47 43 14 24 63 49 42
65
32 34 47 57 52 46 54 16 24 31 29 48 40 17 65 52 20 7 64 35 12 41 61 37 6 62 30 6 58 52 17 55 1 32 34 47 57 52 46 54 16 24 31 29 48 40 17 65 52 20 7 64 35 12 41 61 37 6 62 30 6 58 52 17 55
65
15 32 3 10 9 54 40 56 43 16 56 28 20 47 44 58 17 50 4 50 52 31 3 14 17 35 50 58 65 8 25 4 1 15 32 3 10 9 54 40 56 43 16 56 28 20 47 44 58 17 50 4 50 52 31 3 14 17 35 50 58 65 8 25 4
65
40 4 9 37 18 44 20 49 60 57 19 37 4 11 32 33 26 34 25 42 48 36 35 40 55 29 37 39 43 60 8 22 1 40 4 9 37 18 44 20 49 60 57 19 37 4 11 32 33 26 34 25 42 48 36 35 40 55 29 37 39 43 60 8 22
65
23 15 63 9 17 16 57 60 8 24 47 6 58 35 27 43 49 23 64 12 63 55 27 52 58 47 57 13 58 12 33 41 1 23 15 63 9 17 16 57 60 8 24 47 6 58 35 27 43 49 23 64 12 63 55 27 52 58 47 57 13 58 12 33 41
65
28 65 35 58 2 35 20 25 17 45 10 2 51 60 32 22 18 20 53 25 35 25 44 51 24 23 45 47 44 60 33 62 1 28 65 35 58 2 35 20 25 17 45 10 2 51 60 32 22 18 20 53 25 35 25 44 51 24 23 45 47 44 60 33 62
65
41 24 58 51 40 35 42 8 23 56 38 25 48 18 45 36 65 22 59 16 27 9 21 36 19 22 65 10 3 9 10 21 1 41 24 58 51 40 35 42 8 23 56 38 25 48 18 45 36 65 22 59 16 27 9 21 36 19 22 65 10 3 9 10 21
65
48 21 64 55 2 19 54 10 24 57 2 10 49 38 1 22 59 30 17 50 39 7 22 6 43 41 53 32 64 52 26 47 1 48 21 64 55 2 19 54 10 24 57 2 10 49 38 1 22 59 30 17 50 39 7 22 6 43 41 53 32 64 52 26 47
65
27 58 54 6 18 48 59 30 21 49 30 20 55 58 30 41 1 46 56 62 7 20 47 27 31 20 9 49 30 63 19 10 1 27 58 54 6 18 48 59 30 21 49 30 20 55 58 30 41 1 46 56 62 7 20 47 27 31 20 9 49 30 63 19 10
65
40 3 29 31 19 59 55 5 16 30 60 58 65 10 3 30 20 3 47 52 61 45 31 36 47 21 63 58 34 39 54 40 1 40 3 29 31 19 59 55 5 16 30 60 58 65 10 3 30 20 3 47 52 61 45 31 36 47 21 63 58 34 39 54 40
