73
54
23 35 38 31 52 9 18 38 2 5 51 13 45 16 21 7 26 5 28 38 15 40 4 21 36 43 35 20 15 25 29 49 9 35 37 24 22 36 53 37 3 41 43 17 47 9 34 49 43 49 50 20 52 43
54
39 7 45 12 5 28 13 7 33 41 12 18 40 16 39 48 28 23 28 13 31 32 51 15 33 5 35 16 43 48 21 38 32 39 22 53 3 48 32 20 14 6 47 26 19 35 36 52 31 23 50 11 26 47
54
26 37 21 33 37 35 7 13 36 15 35 42 46 16 10 40 18 6 12 3 47 45 15 20 39 10 51 49 37 20 26 32 53 3 22 9 43 30 11 29 32 12 10 8 12 34 2 54 26 8 6 14 25 6
54
11 25 34 31 39 49 9 16 42 15 12 26 42 14 36 43 52 1 6 53 27 6 32 54 47 49 32 43 23 5 53 11 32 37 11 46 44 53 36 49 27 38 52 8 37 10 7 10 52 1 47 18 30 51
54
5 37 19 8 51 18 10 23 41 42 25 26 42 13 49 28 39 30 42 46 26 42 13 5 46 23 34 1 22 29 54 21 5 1 28 14 38 53 35 53 18 48 5 31 14 40 46 13 34 48 44 8 16 2
54
41 47 41 46 32 24 5 32 18 6 39 35 53 4 31 40 4 9 7 4 45 17 50 2 26 14 13 23 43 37 10 53 12 20 38 45 24 19 47 13 52 3 31 14 12 22 7 16 31 23 5 36 37 25
54
6 24 33 47 42 22 7 13 4 32 53 6 21 9 13 28 8 54 33 13 48 49 25 9 53 54 28 31 10 17 54 41 1 45 30 33 24 21 2 19 17 11 27 19 17 25 10 4 32 18 36 29 16 26
54
39 4 10 11 13 29 20 53 7 17 50 53 43 18 43 42 52 10 29 35 48 40 29 53 37 23 29 50 48 25 18 31 2 36 38 27 44 19 9 39 48 11 12 46 35 37 17 51 1 42 36 41 7 29
54
23 40 47 13 12 4 49 35 14 42 14 38 1 31 21 27 43 41 54 17 1 7 10 31 33 41 42 25 29 31 42 21 12 30 47 29 11 9 10 54 3 32 1 39 50 18 50 8 4 10 45 21 14 19
54
10 8 31 10 3 25 4 12 48 4 31 43 6 12 43 34 46 21 13 14 49 8 14 41 17 16 23 49 50 24 23 29 51 13 18 19 17 33 4 34 35 9 13 41 17 49 13 25 4 33 49 18 53 40
54
4 17 12 52 15 9 21 10 51 14 47 15 21 23 54 43 45 40 24 48 31 4 18 45 48 25 54 53 47 4 53 32 2 4 15 21 28 47 14 8 31 46 6 9 21 14 48 47 26 6 41 4 39 38
54
15 41 26 1 32 13 42 38 3 38 6 27 26 42 24 2 40 41 26 9 39 37 48 10 39 15 19 18 15 42 27 2 45 42 47 5 29 3 40 32 41 5 15 16 36 2 14 9 18 43 46 22 8 18
54
48 30 9 36 7 28 38 27 54 38 30 20 32 19 6 47 53 35 51 16 28 51 25 11 12 42 4 25 8 34 25 52 1 35 13 50 31 39 18 45 11 50 10 37 30 31 32 24 36 24 28 50 7 43
54
23 14 48 15 47 33 41 14 36 33 24 44 6 11 43 52 11 50 47 6 18 12 5 43 2 52 1 49 10 36 42 25 17 40 11 20 42 33 40 10 18 3 30 29 39 13 33 34 48 43 37 39 24 9
54
16 21 22 51 50 18 26 40 46 6 7 18 8 34 38 11 26 37 41 50 38 21 1 21 22 21 16 52 32 22 40 1 41 34 22 7 54 6 19 38 21 45 29 11 2 54 16 21 37 8 22 29 12 49
54
22 24 20 44 37 26 16 41 52 29 41 32 37 9 11 15 9 24 1 5 21 6 35 27 40 48 3 9 29 13 47 39 9 46 39 1 13 7 48 39 6 1 29 8 48 15 25 5 52 38 1 51 32 22
54
18 42 15 4 52 42 26 19 48 52 26 44 5 23 29 44 50 8 16 17 48 43 50 53 48 1 50 45 35 14 35 10 52 43 53 3 46 8 27 7 39 23 11 28 10 36 11 52 53 22 21 15 5 7
54
38 21 34 25 15 3 20 25 30 4 17 35 52 38 48 34 4 6 4 35 52 34 11 12 31 4 15 1 49 38 51 42 45 18 31 11 32 44 20 33 8 53 24 25 14 41 28 43 15 51 40 37 53 7
54
54 3 10 46 14 49 22 26 25 23 35 11 26 21 25 7 6 13 12 20 1 49 19 53 10 17 33 42 38 11 31 45 54 48 46 37 43 45 25 9 34 26 29 26 32 9 23 53 37 29 35 28 19 15
54
33 20 1 9 39 16 41 42 36 47 28 14 2 54 45 29 38 15 32 26 28 1 51 40 36 37 36 1 35 30 18 5 22 44 35 19 9 23 39 19 42 15 36 33 1 31 11 25 33 19 46 32 18 29
54
46 11 2 20 13 28 53 6 12 13 50 10 15 29 11 14 1 19 51 15 42 25 23 15 48 1 16 13 45 14 19 3 34 32 38 54 15 2 43 22 31 8 53 30 16 46 19 3 26 43 19 4 16 25
54
33 41 2 21 14 16 35 44 16 10 24 40 50 41 49 25 43 30 13 3 31 28 7 26 54 12 10 21 5 48 9 41 36 51 30 18 44 34 1 42 6 27 6 51 46 5 8 3 32 17 9 50 15 42
54
38 43 42 44 22 10 11 22 25 23 28 50 12 24 15 20 39 28 39 23 32 42 34 6 14 43 28 48 35 23 17 35 24 5 15 50 35 34 13 27 53 18 51 12 25 4 46 22 29 20 24 50 17 31
54
22 30 28 3 53 45 31 50 35 45 16 3 11 30 51 43 27 2 26 45 20 54 37 11 6 28 18 26 18 5 33 17 48 52 33 49 39 33 7 10 49 32 50 31 32 15 51 34 15 43 41 48 52 54
54
5 38 16 4 52 20 47 49 1 48 25 10 26 12 43 10 14 40 33 28 23 20 44 11 37 11 6 28 22 53 50 12 42 25 53 18 43 8 44 35 1 16 9 23 37 23 17 19 40 43 33 20 32 14
54
39 1 3 13 38 52 51 19 5 14 47 44 23 31 4 15 8 5 12 43 48 16 39 8 24 36 29 21 22 42 25 7 14 33 47 11 54 32 20 19 4 35 15 17 29 26 14 13 4 11 47 12 45 37
54
4 23 13 4 29 27 45 28 22 41 32 50 4 3 28 18 48 4 43 9 5 8 10 50 6 39 48 52 26 20 29 37 46 4 41 35 42 47 10 20 34 4 3 51 3 15 50 43 48 20 33 18 38 2
54
33 3 46 33 10 49 39 24 19 13 17 42 9 26 20 43 52 24 6 18 39 49 48 36 21 42 9 6 25 21 52 26 51 52 26 37 5 25 30 46 19 42 29 23 32 7 34 46 52 5 9 38 34 26
54
38 8 51 10 4 36 1 13 19 22 29 20 45 36 35 26 53 12 36 33 2 33 30 3 9 43 31 44 39 27 16 48 24 5 31 10 39 5 27 33 26 35 17 2 33 31 12 34 47 51 29 50 16 44
55
31 41 17 5 30 37 49 55 35 36 18 33 2 12 31 38 5 47 16 21 22 49 50 12 43 22 40 55 22 24 47 15 4 27 6 12 46 49 12 26 2 49 54 29 25 23 44 25 46 13 14 2 22 40 33
55
1 40 50 30 20 6 9 42 27 50 49 42 3 44 27 42 54 4 24 43 19 3 31 53 2 23 35 22 28 23 39 35 19 35 3 33 16 17 20 27 30 23 3 1 4 32 48 54 25 36 25 2 53 27 41
55
44 2 7 38 47 5 36 28 5 21 31 39 6 20 49 3 52 3 31 37 55 15 9 54 12 11 53 30 33 34 44 17 10 46 10 49 43 10 1 20 7 53 25 40 21 30 4 11 29 10 13 8 20 8 22
55
45 46 5 50 24 44 7 10 31 32 43 11 21 41 15 5 35 2 23 21 17 53 7 39 45 5 1 53 36 23 1 22 33 49 54 28 32 45 49 4 41 9 41 51 20 49 15 30 6 34 30 15 51 42 21
55
50 44 14 23 32 17 13 21 10 7 22 1 49 34 21 2 50 43 48 43 17 21 40 53 7 48 38 19 37 26 55 39 7 27 24 15 50 15 22 52 41 49 18 17 4 27 1 45 43 4 42 51 34 37 40
55
27 41 33 29 14 39 20 25 50 31 3 32 24 39 19 34 11 41 10 1 5 16 4 53 47 1 18 28 41 12 7 4 5 19 37 11 40 19 50 6 36 33 14 38 17 44 16 29 33 29 48 30 31 34 47
55
2 48 24 6 33 25 7 4 52 5 6 30 3 53 40 54 41 11 15 49 31 33 7 17 48 37 17 15 41 28 53 52 10 25 1 33 28 40 43 3 24 38 36 19 27 9 36 17 50 20 12 29 28 29 20
55
18 21 26 10 48 45 20 25 28 30 23 16 17 23 15 55 22 49 13 25 16 13 55 51 54 37 49 11 18 49 7 49 5 22 47 35 47 30 14 47 52 29 3 42 50 33 5 54 55 51 50 31 5 18 11
55
42 29 55 50 17 4 29 42 16 36 25 8 7 37 43 50 43 23 30 10 44 46 19 54 51 14 5 54 20 9 18 6 5 29 31 12 18 9 38 50 25 47 27 24 20 19 3 25 13 37 7 49 5 27 45
55
16 51 32 8 18 46 49 39 38 37 35 25 45 26 29 13 17 24 55 51 18 31 22 28 31 13 35 54 38 44 51 25 32 29 28 10 20 4 19 51 40 6 31 8 19 49 24 22 6 36 8 3 28 4 37
55
51 43 28 3 15 9 47 6 24 50 13 11 50 49 39 22 6 29 1 32 21 39 43 4 21 7 24 40 41 28 1 28 9 52 22 6 46 50 36 27 14 21 32 43 49 30 39 12 5 49 25 29 35 32 36
55
19 51 8 16 18 38 18 44 33 31 28 11 20 55 24 23 5 47 38 33 29 43 6 38 34 28 30 13 22 21 52 43 45 54 14 35 49 20 2 21 34 5 30 29 33 23 46 10 48 44 42 31 33 44 11
55
7 17 19 39 43 8 19 11 25 32 11 14 5 41 13 24 54 36 44 19 13 38 51 13 10 7 3 30 4 55 42 16 47 18 50 5 28 20 19 54 24 48 37 54 16 53 13 17 43 12 9 37 55 10 40
55
5 50 13 42 50 4 9 27 14 31 37 54 4 41 15 11 17 45 37 7 36 48 39 48 47 7 34 53 47 24 36 22 45 9 37 30 28 6 31 29 1 11 36 52 28 27 17 5 17 44 45 25 53 18 24
55
29 49 48 28 12 21 33 48 51 8 54 23 17 30 23 18 11 49 33 5 13 21 44 33 25 30 26 12 41 38 54 53 33 49 45 47 49 52 44 18 7 44 40 52 43 4 16 15 43 48 11 48 30 28 44
55
54 31 52 33 42 37 12 19 13 19 32 26 50 6 9 41 29 27 17 6 4 51 13 17 25 28 43 52 27 46 14 34 35 6 22 18 25 38 20 29 36 52 12 19 14 1 8 35 33 19 39 19 49 4 43
55
35 11 32 8 32 15 49 29 52 31 10 31 30 16 37 4 32 9 51 42 32 9 13 39 38 28 10 16 2 48 8 10 55 30 43 14 36 13 37 38 53 46 24 47 25 48 14 5 38 7 12 20 41 47 36
55
37 4 27 33 11 10 53 26 33 19 8 32 29 24 23 28 17 48 2 32 37 43 29 7 4 6 34 46 33 8 51 20 11 48 53 34 30 54 22 12 31 24 42 29 36 25 5 1 23 10 3 16 42 48 11
55
40 17 43 49 27 36 5 4 40 35 52 37 8 35 3 10 47 35 40 16 29 18 7 39 46 42 7 13 41 25 4 12 25 2 31 55 41 30 29 16 38 40 17 34 22 2 10 23 35 12 41 47 49 18 12
55
54 8 26 42 3 34 24 11 19 52 14 44 6 54 44 46 6 28 31 54 20 5 34 20 9 39 8 6 52 3 15 29 10 55 16 40 55 46 2 35 17 43 12 39 32 45 25 12 11 39 55 49 44 18 42
55
1 55 5 22 5 44 18 32 27 25 31 35 1 45 50 48 17 3 34 51 40 51 11 4 25 6 51 42 16 29 34 49 17 37 30 40 55 11 31 40 34 50 12 24 54 44 6 16 5 12 17 53 23 12 55
55
47 50 27 50 47 41 27 8 7 6 13 20 22 27 8 5 9 41 36 14 24 14 20 44 15 43 51 49 40 12 13 16 43 49 2 27 19 44 20 19 26 55 29 10 36 35 12 4 6 40 8 10 52 23 33
55
36 13 26 50 42 12 34 22 42 39 36 26 3 49 30 1 19 31 32 21 41 19 15 48 36 40 30 55 32 47 53 36 2 51 2 27 9 4 33 27 40 32 52 50 32 20 39 47 35 10 44 38 10 22 52
55
1 20 12 11 28 38 34 40 10 9 11 54 21 15 26 16 54 11 48 21 47 29 43 17 53 39 14 5 9 39 46 25 18 44 11 31 29 16 32 23 45 2 16 39 21 55 35 12 11 18 20 38 55 16 52
55
3 10 6 36 2 31 16 1 36 11 25 8 6 20 21 27 41 15 55 13 38 25 29 16 43 25 29 35 7 32 54 45 28 16 8 46 49 5 34 22 40 9 36 35 2 11 53 20 54 5 8 28 39 33 2
55
35 16 22 48 47 40 2 12 26 44 28 39 26 50 45 21 45 3 52 11 35 50 14 17 20 26 45 39 30 20 5 24 1 4 17 43 5 14 12 39 5 27 48 11 14 6 48 17 19 22 8 53 31 43 11
55
50 49 20 32 15 27 50 12 38 28 45 33 44 8 32 16 30 42 14 34 3 14 31 46 47 25 27 24 5 39 6 2 14 36 6 30 28 8 17 16 54 28 35 5 17 33 46 13 9 18 20 46 10 47 13
55
38 39 42 32 54 3 11 49 11 33 29 18 47 53 5 37 34 7 43 47 10 5 9 19 23 31 42 25 1 22 31 48 10 22 35 14 17 45 39 18 8 35 39 31 37 52 27 1 4 52 21 1 17 2 46
55
43 54 36 13 6 28 9 4 54 49 26 47 33 20 39 15 7 3 21 30 27 31 53 16 18 9 40 48 42 9 7 8 37 3 54 32 7 44 8 48 53 49 18 4 26 13 42 13 38 18 9 36 32 46 54
55
37 32 33 34 26 11 35 19 12 1 31 2 7 40 48 27 11 35 14 48 17 51 17 47 22 14 48 51 9 10 54 28 35 9 1 8 42 23 10 30 21 36 45 53 47 18 3 17 4 46 40 3 47 5 48
55
15 43 44 41 54 34 48 37 3 10 5 12 6 54 2 52 23 39 49 42 5 15 46 32 19 42 45 11 38 25 27 24 7 55 17 29 5 38 10 5 47 25 29 8 11 17 31 49 21 38 50 3 7 4 53
55
11 15 32 43 16 6 47 1 25 24 8 45 5 2 35 2 4 32 42 21 41 37 42 38 51 46 55 1 6 13 14 46 49 5 17 36 24 25 12 10 54 6 2 38 33 30 32 4 51 41 32 21 23 47 30
55
27 23 26 36 43 32 34 45 4 6 47 55 23 19 52 3 10 49 29 52 55 40 24 26 30 5 29 20 45 44 10 48 41 3 21 18 43 37 5 19 50 39 8 23 17 10 29 26 39 49 5 37 1 33 34
55
10 9 36 11 30 14 46 3 42 10 25 46 47 44 21 15 36 8 11 52 45 55 27 48 46 24 13 10 21 18 46 37 31 37 44 19 22 1 47 46 50 3 54 29 18 40 55 17 38 45 52 21 7 43 22
55
31 11 50 31 21 20 38 22 49 9 40 14 55 17 14 12 49 19 11 28 15 49 52 18 38 34 54 6 42 38 12 39 50 29 31 1 50 31 39 49 33 12 36 7 31 4 35 30 22 7 9 53 33 22 20
55
41 25 17 19 43 49 54 24 33 45 47 46 22 25 31 35 31 52 31 53 50 38 36 17 13 26 2 1 36 23 34 11 52 21 46 52 53 50 43 8 34 50 5 48 53 21 22 42 55 48 42 2 51 45 34
55
23 43 47 25 41 11 31 36 43 25 9 31 45 13 5 19 24 30 3 8 16 7 45 3 8 11 15 48 26 46 50 11 41 50 31 6 48 16 28 25 43 47 22 9 37 36 24 43 53 18 36 35 11 23 15
55
55 17 28 33 3 52 51 38 50 49 28 38 21 11 55 28 16 35 21 16 12 4 45 24 6 20 21 9 20 36 18 37 43 42 54 33 51 27 17 8 29 40 4 51 12 18 26 1 13 5 24 41 27 15 14
55
48 5 9 39 27 28 54 41 1 19 25 12 44 23 35 20 12 23 15 6 34 13 32 49 25 38 12 37 5 53 31 30 6 44 20 24 51 34 40 17 10 26 22 3 35 25 11 6 34 55 39 14 33 45 43
55
46 1 41 53 28 7 10 43 6 26 39 32 46 5 13 54 9 41 11 2 54 3 11 15 26 49 27 48 38 31 22 49 35 15 42 30 55 14 6 7 52 42 46 40 3 13 35 52 4 26 28 2 28 21 49
55
17 27 46 21 3 46 25 11 26 6 18 17 8 22 23 43 4 40 4 3 13 28 27 14 43 6 15 26 52 3 55 36 41 10 45 33 52 17 7 42 48 29 2 36 18 13 19 9 1 46 53 18 32 21 38
55
7 23 42 19 24 22 21 52 1 53 33 43 24 15 54 50 43 3 13 34 47 39 2 38 52 39 10 3 43 2 53 16 39 14 41 2 5 13 15 8 22 25 41 7 6 21 27 26 18 33 13 2 38 33 23
55
49 47 39 18 28 10 5 3 44 47 15 21 28 21 9 21 9 25 31 48 20 30 31 12 48 24 46 34 9 3 54 37 25 12 10 52 28 17 45 54 41 20 19 17 25 30 11 53 39 9 4 5 37 22 16
55
9 32 27 26 36 23 17 19 37 36 55 25 3 47 27 47 55 50 25 10 5 18 10 41 36 13 32 45 36 15 44 36 12 16 10 49 41 15 42 6 20 25 14 36 19 37 39 45 30 24 21 19 13 7 11
