60
66
57 13 61 30 1 17 61 62 28 10 53 3 46 16 32 16 27 62 16 26 25 17 58 62 11 24 66 63 48 57 66 39 3 30 4 28 11 12 37 16 32 34 45 9 28 18 45 29 43 49 27 60 49 33 18 9 57 65 44 7 18 46 65 32 34 51
66
55 59 66 1 7 18 51 63 10 24 37 11 13 59 65 8 14 42 16 42 8 21 6 25 26 5 35 7 56 4 16 53 36 59 66 54 35 66 1 18 54 49 53 38 49 53 46 45 27 62 57 20 36 46 48 52 32 5 24 57 66 44 3 60 64 43
66
12 28 62 3 27 14 64 38 43 65 63 57 65 6 26 18 45 56 12 33 41 61 57 51 66 50 62 15 19 32 55 14 52 45 19 52 36 37 23 55 21 7 6 59 39 27 29 48 27 36 63 34 15 38 30 5 19 36 62 33 13 18 14 49 43 55
66
39 55 51 20 58 9 1 50 38 5 40 39 43 7 25 39 48 50 19 24 35 36 30 49 26 14 7 15 20 41 52 44 35 8 42 27 31 1 7 45 16 9 63 57 39 24 32 41 39 13 48 44 49 44 51 31 6 40 2 23 1 22 38 16 11 65
66
43 59 63 53 64 57 44 65 54 5 64 42 14 18 37 44 18 14 41 29 50 54 12 55 12 56 48 22 50 39 55 22 21 25 45 14 64 49 51 37 51 8 21 31 13 61 27 37 41 54 51 55 13 66 65 58 65 45 18 41 59 42 46 27 2 43
66
38 3 65 49 41 56 16 51 8 1 46 42 58 45 59 38 4 65 7 46 13 31 14 65 1 23 25 51 11 1 59 47 50 65 27 56 14 21 7 40 34 6 38 55 66 46 61 48 27 25 5 43 40 56 63 38 27 45 33 8 61 58 17 24 34 58
66
13 45 15 22 35 50 47 50 52 22 47 53 31 37 3 28 32 29 61 29 38 63 44 55 39 62 50 40 63 22 27 53 20 52 34 5 28 11 8 29 13 59 27 28 17 65 51 63 58 57 3 13 26 50 13 36 18 30 44 66 52 49 54 22 49 54
66
18 45 19 4 50 24 57 8 56 25 59 8 64 45 62 18 63 38 53 46 4 38 26 7 24 35 4 8 16 8 50 33 17 56 47 27 65 13 10 20 36 19 46 65 16 53 58 35 37 22 31 50 33 56 29 44 38 42 54 1 35 57 64 61 13 18
66
60 42 59 14 62 13 59 3 20 18 3 21 34 37 50 8 25 43 51 2 26 50 35 2 62 27 54 58 11 64 42 18 40 19 6 13 15 65 8 14 65 3 11 5 23 16 65 57 3 20 33 49 8 56 35 40 6 26 27 1 55 28 44 58 40 23
66
29 57 17 43 21 34 9 14 53 58 34 4 46 18 2 32 24 5 1 8 59 66 16 31 22 17 11 45 39 21 31 65 62 1 44 22 31 49 54 23 48 56 57 44 32 27 19 58 26 61 60 13 66 3 51 35 16 66 53 64 18 1 24 47 7 19
66
7 52 29 28 27 63 35 21 24 60 6 23 28 25 66 5 33 45 7 28 5 42 21 14 11 6 31 49 64 65 12 5 14 25 46 50 61 47 38 66 62 29 34 10 47 22 63 15 54 45 2 65 56 12 51 61 21 65 35 31 19 12 30 7 65 42
66
26 40 42 38 8 13 29 6 40 37 45 23 13 45 15 43 34 18 23 15 65 52 11 16 64 27 63 64 24 51 1 23 14 45 36 51 45 30 66 37 20 33 64 26 10 60 58 10 23 11 53 59 50 53 25 26 8 20 5 34 33 42 30 65 64 40
66
20 60 52 45 50 60 32 50 42 22 50 24 13 61 44 3 37 59 37 2 37 21 3 40 46 12 56 52 32 33 58 4 65 53 1 9 2 60 36 31 1 11 6 19 39 20 6 9 43 1 24 43 17 43 58 47 16 49 52 47 22 24 44 26 63 13
66
31 25 28 5 28 35 40 32 6 8 28 8 21 7 14 3 55 59 47 18 40 56 31 10 58 42 66 25 41 39 2 58 63 10 62 1 17 62 37 47 58 19 66 65 7 42 25 52 39 48 49 15 48 19 52 20 24 50 42 57 30 46 48 23 18 61
66
25 43 22 60 36 4 18 17 3 19 49 14 21 42 12 31 33 64 59 3 9 36 46 41 66 30 40 45 55 51 29 63 66 17 12 25 65 46 33 1 23 44 27 22 46 47 13 47 60 61 26 7 50 57 33 59 4 34 33 32 31 37 53 61 24 42
66
35 31 32 44 25 15 8 29 28 25 57 1 25 26 46 22 26 46 61 15 29 5 4 66 55 4 64 57 10 22 65 20 62 47 32 16 37 5 36 59 8 65 48 53 34 4 51 32 38 18 54 53 63 14 49 6 32 4 2 26 43 45 52 2 37 40
66
23 56 4 60 1 31 8 1 11 31 32 62 29 32 1 35 27 63 56 30 57 45 13 39 5 3 9 7 37 31 36 62 63 27 40 45 4 61 8 34 17 57 65 4 31 44 43 30 36 42 59 6 22 13 59 65 26 8 32 16 18 60 50 45 27 52
66
21 57 12 59 4 48 50 39 32 8 24 11 45 7 37 27 29 15 23 14 21 23 1 3 7 4 2 28 52 3 44 45 8 32 65 17 15 56 53 5 38 62 51 42 12 58 32 25 39 34 19 41 27 36 21 40 33 25 15 48 53 5 44 37 21 58
66
39 24 9 48 39 46 13 49 37 49 19 15 4 45 9 44 29 24 20 9 52 51 35 53 20 44 23 30 60 27 48 26 35 1 46 56 59 11 18 47 36 45 27 13 14 7 29 35 34 58 27 29 39 16 58 61 13 56 55 51 58 49 40 59 19 15
66
41 44 48 20 15 23 58 29 38 31 10 44 28 33 49 14 49 58 27 39 48 31 32 65 47 46 35 45 33 49 21 33 49 32 20 4 17 8 62 3 1 30 63 2 4 24 45 17 16 32 2 63 61 13 22 60 44 17 30 45 24 26 10 53 62 29
66
24 20 56 36 33 48 60 13 9 37 33 58 54 26 44 2 60 4 18 15 11 15 9 37 25 29 13 45 23 2 3 64 25 48 14 26 34 4 18 35 9 45 13 43 31 50 28 51 43 61 66 9 41 7 41 42 10 22 59 25 59 53 45 46 18 33
67
12 50 62 22 59 53 42 47 61 26 13 32 11 43 64 13 58 54 57 35 51 63 54 61 35 33 31 48 10 35 16 55 63 40 28 8 14 7 34 27 50 43 49 42 43 6 1 56 20 56 59 8 45 56 3 46 16 61 12 32 57 37 17 23 7 62 7
67
38 6 27 1 3 18 57 26 14 32 50 18 42 44 27 6 20 30 26 4 13 27 20 30 9 10 58 37 45 30 6 51 26 52 54 51 37 32 31 20 21 12 2 53 29 17 57 7 49 10 9 38 11 19 11 67 39 63 3 53 37 24 14 4 29 27 64
67
43 56 53 31 43 19 13 1 28 53 20 4 60 50 58 44 8 36 55 21 24 16 29 16 39 64 1 51 54 47 1 11 33 63 26 3 63 46 50 56 34 32 12 19 57 32 61 24 43 27 4 1 65 14 30 35 62 52 43 38 1 38 59 48 43 8 6
67
27 3 65 66 53 42 1 31 29 30 39 33 16 39 60 7 29 45 14 53 67 53 27 31 15 45 43 67 40 63 60 34 10 19 18 17 62 21 37 15 66 19 31 3 25 14 22 8 32 65 61 62 58 4 62 56 67 10 59 23 27 50 23 20 36 50 5
67
62 51 17 25 1 25 63 24 40 34 60 21 17 38 24 57 53 3 26 47 7 12 1 57 24 56 1 44 24 51 18 34 22 45 3 2 34 62 38 66 29 3 66 26 23 15 22 8 13 7 55 50 55 22 39 66 47 62 45 47 54 7 37 5 42 25 18
67
62 51 55 67 8 48 12 57 17 35 53 13 27 31 22 10 27 21 1 28 67 35 55 5 14 4 30 13 50 14 17 21 14 38 30 60 21 61 17 50 64 18 35 45 29 25 13 18 20 36 15 3 51 37 39 44 15 18 30 8 54 66 31 13 57 38 59
67
24 30 52 20 46 12 50 63 31 17 50 58 23 44 51 49 58 5 52 37 7 50 57 39 26 65 27 23 4 3 46 30 8 32 67 48 37 10 42 28 15 43 6 12 21 41 6 62 25 42 37 17 31 16 51 23 34 15 28 66 18 29 67 14 33 36 21
67
52 17 2 59 32 5 6 26 58 24 44 21 20 9 24 4 8 28 58 15 29 42 63 9 34 13 9 46 58 43 52 11 19 50 8 42 31 50 42 61 47 60 51 39 16 60 32 14 64 33 60 52 8 15 6 20 60 17 28 15 19 1 4 18 9 5 42
67
9 23 15 43 12 7 37 16 2 4 63 12 38 47 49 10 17 53 55 64 18 67 65 55 66 47 24 25 5 60 34 18 5 42 56 16 9 49 35 30 1 60 15 34 21 11 39 60 48 54 45 31 4 27 57 2 28 53 56 66 42 67 15 28 62 45 6
67
52 25 52 15 8 57 26 56 57 48 49 30 41 56 14 5 65 8 48 44 27 48 49 17 55 2 44 10 37 50 65 59 52 3 23 33 10 25 47 2 5 23 36 45 1 59 67 27 10 30 56 49 23 65 56 48 22 32 48 27 38 66 42 53 13 59 58
67
31 19 14 4 57 13 31 2 60 57 42 8 51 41 44 53 40 36 64 12 22 45 2 3 12 1 51 42 43 4 22 19 58 44 45 26 24 38 65 4 41 17 5 8 41 22 23 65 42 25 27 35 53 2 53 55 43 58 16 38 44 29 43 58 27 15 37
67
17 4 34 48 22 9 16 7 32 62 45 66 52 58 48 19 11 34 16 35 49 23 53 5 26 66 4 28 54 16 47 36 25 54 61 50 56 12 62 51 46 6 39 56 39 54 42 3 33 44 54 39 46 2 33 31 63 56 59 26 49 66 16 66 8 67 62
67
28 56 52 22 25 36 47 2 59 66 7 3 58 43 5 14 8 22 37 19 8 63 54 3 67 55 10 41 67 30 38 35 63 44 34 27 37 4 50 10 51 42 38 17 28 24 66 42 63 30 34 55 12 24 26 7 6 9 53 59 31 7 9 67 32 38 24
67
9 60 6 22 51 43 58 36 16 62 54 1 19 46 9 65 13 29 58 2 63 42 62 53 44 58 45 23 41 48 59 34 3 17 33 13 32 48 22 7 25 47 10 19 62 52 33 55 21 20 26 19 23 64 10 44 13 28 42 3 28 23 12 45 35 33 39
67
23 32 61 20 33 27 52 48 52 31 58 5 35 9 67 27 14 44 14 65 54 50 13 9 14 20 35 29 56 21 34 6 39 28 31 8 9 49 18 14 57 35 10 67 36 50 41 58 30 16 15 29 59 60 11 49 5 18 27 34 24 56 9 30 44 29 26
67
39 21 46 39 3 6 62 44 50 67 15 53 52 8 27 59 67 25 33 64 50 57 38 5 37 55 8 36 54 63 39 37 65 35 22 32 59 51 53 55 31 63 17 5 26 53 11 26 3 35 55 59 35 9 19 43 26 62 54 23 63 5 62 51 27 21 14
67
59 9 16 39 10 61 41 18 9 57 17 58 27 7 44 65 9 32 39 21 30 15 52 21 37 8 16 29 33 47 63 32 29 20 54 62 36 5 17 60 28 46 67 23 58 34 40 18 50 22 3 59 39 18 1 57 62 25 50 15 46 31 30 16 52 32 10
67
58 9 2 48 25 35 36 58 45 21 7 17 29 28 24 38 22 3 52 47 20 47 43 17 18 30 51 7 24 61 48 53 65 4 40 4 23 11 34 35 32 37 46 51 31 12 43 24 5 30 46 67 39 19 60 43 47 6 23 67 8 14 45 58 24 11 56
67
13 67 49 54 9 40 51 15 9 57 14 8 61 21 32 58 13 5 14 58 50 15 45 36 6 5 19 33 67 6 54 3 67 56 22 35 33 63 59 5 16 3 67 29 38 33 35 21 61 42 67 6 44 22 37 32 56 42 53 25 8 53 10 34 8 65 17
67
50 17 3 22 26 65 2 50 29 15 47 42 50 43 28 43 15 8 12 48 2 60 35 62 38 31 42 2 52 29 3 43 9 40 42 55 39 19 61 29 28 43 31 53 45 13 32 15 61 35 5 36 27 58 23 42 66 45 1 15 21 9 51 15 57 38 9
67
4 37 59 19 16 57 53 47 56 2 22 14 5 3 36 58 50 33 12 66 19 2 18 25 3 22 12 42 29 22 12 7 63 3 41 45 55 25 22 36 45 7 48 7 33 62 7 62 1 20 25 15 37 20 8 23 30 16 52 34 42 49 15 24 35 47 27
67
19 66 7 59 36 14 32 40 8 7 30 11 65 51 34 31 45 63 46 53 7 55 49 1 52 37 22 26 13 5 19 22 43 35 38 51 67 60 30 17 25 38 17 7 23 18 48 22 20 58 54 53 60 67 39 23 48 22 51 10 13 5 52 4 24 42 62
67
65 51 29 45 6 63 26 34 28 30 10 62 16 36 2 43 60 21 62 1 56 53 50 10 21 66 2 62 63 8 14 63 22 41 15 6 34 47 24 62 8 56 44 37 29 46 30 58 54 15 48 33 23 16 46 58 26 40 67 8 5 29 28 49 66 14 23
67
40 50 2 55 12 7 17 50 4 26 53 11 4 51 59 62 13 42 4 45 42 20 6 38 6 53 60 59 25 38 58 17 11 63 25 33 56 43 59 47 61 9 21 9 60 36 43 41 61 44 46 53 51 53 57 55 64 39 58 46 26 16 3 55 58 2 11
67
3 42 12 13 12 7 67 40 25 49 32 48 17 9 58 30 12 31 62 22 7 19 1 62 17 45 44 66 40 63 18 56 24 22 8 21 17 23 4 21 45 18 31 7 37 55 30 52 42 10 57 8 50 33 4 43 63 26 48 22 47 18 19 43 7 65 40
67
25 27 49 50 61 46 44 7 21 30 19 30 48 8 23 5 50 34 16 47 26 2 45 60 36 14 50 54 59 8 57 27 64 26 58 38 66 51 4 5 55 65 23 9 30 59 63 21 4 45 65 15 11 31 67 17 46 30 58 16 53 16 59 47 8 51 64
67
50 46 4 7 26 37 27 15 60 66 5 14 45 46 13 53 9 39 65 22 21 67 38 17 3 13 49 3 57 31 61 31 5 14 61 21 51 40 39 13 5 62 20 3 25 39 65 48 26 65 29 36 8 29 11 1 67 43 24 31 60 55 50 37 19 1 30
67
22 20 26 28 26 41 3 14 33 31 18 21 9 60 13 35 10 3 14 63 24 67 21 53 7 1 11 30 31 36 21 26 54 36 24 50 51 26 53 66 29 1 35 24 48 12 32 15 40 10 47 8 24 33 12 38 30 43 55 14 50 16 22 6 67 22 64
67
66 33 50 39 57 5 4 47 20 49 67 47 12 66 51 37 58 50 57 47 15 51 32 41 7 51 8 20 25 22 57 46 26 63 54 35 8 57 27 53 44 32 23 25 50 56 2 47 56 58 63 57 17 11 45 48 67 15 46 11 62 4 1 56 66 24 41
67
13 51 20 27 48 6 62 43 24 30 48 26 6 52 38 11 49 26 17 49 51 12 58 38 67 37 22 25 13 39 50 10 43 48 39 11 58 25 48 65 11 54 11 41 14 46 59 60 28 27 35 36 16 45 9 55 13 44 18 56 64 16 42 61 36 28 48
67
3 22 39 52 34 63 31 46 22 14 39 18 4 36 52 6 47 57 26 5 26 39 61 62 50 43 15 26 2 27 13 55 19 61 7 40 52 56 22 31 15 41 66 21 2 6 18 38 58 11 55 3 18 29 35 65 52 65 11 21 14 56 26 19 62 66 39
67
27 16 28 11 9 53 58 26 32 42 4 23 12 13 30 3 35 15 34 60 1 51 41 28 53 33 39 58 67 20 22 48 2 38 48 53 12 3 9 22 53 35 42 40 17 57 66 10 62 26 62 58 22 45 14 4 24 18 62 41 48 7 40 17 5 28 15
67
27 67 8 36 66 39 7 13 18 62 46 33 50 38 4 47 20 45 33 36 40 38 56 8 56 45 38 39 37 47 59 64 45 22 61 4 2 59 37 58 56 41 63 57 18 20 46 59 41 40 21 55 48 34 63 7 34 7 30 57 53 55 2 33 22 51 7
67
42 49 26 18 38 47 9 13 49 18 52 34 33 35 67 2 63 43 17 63 37 39 17 39 13 61 57 39 54 6 17 62 42 21 13 54 15 20 36 66 13 41 53 2 9 20 6 12 2 39 37 18 5 59 3 49 20 34 9 50 18 54 46 6 53 15 42
67
4 18 42 32 35 59 52 65 41 15 59 11 14 63 60 50 61 52 25 14 41 39 30 26 43 58 7 24 16 27 45 22 52 27 19 52 56 59 14 38 64 29 67 60 8 54 40 55 60 52 12 30 18 26 51 4 34 13 15 43 52 7 28 65 37 49 50
67
39 16 18 48 39 15 55 16 60 36 45 49 11 14 9 23 27 19 24 3 20 49 60 17 3 11 19 8 50 39 50 6 3 15 34 18 4 7 59 8 59 26 25 31 25 51 63 22 43 11 1 48 14 6 30 37 54 60 35 12 45 62 38 60 26 18 27
67
30 38 32 33 67 38 62 22 1 40 49 54 56 13 51 58 56 17 64 7 63 49 33 43 40 27 3 62 20 59 38 59 26 11 20 38 40 10 8 42 45 16 9 34 26 58 54 4 47 34 29 2 12 50 13 15 12 54 36 13 40 10 2 38 14 57 65
67
38 28 29 41 25 11 37 42 3 51 1 62 31 54 28 57 62 23 3 50 51 24 50 51 7 22 50 49 8 11 55 4 18 64 22 37 15 50 8 42 54 9 53 31 67 10 23 25 27 65 35 7 51 21 30 56 9 56 27 60 25 2 21 50 6 35 66
67
17 45 28 43 19 64 60 45 29 46 25 6 38 33 12 4 61 30 58 51 45 59 21 53 62 10 45 35 58 11 57 12 40 67 36 6 60 29 36 32 56 58 19 11 45 54 17 32 35 40 41 15 49 8 18 44 45 12 40 46 54 27 63 41 48 23 33
