24
20
12 13 18 15 19 3 8 14 20 2 7 9 1 5 16 17 11 10 4 6
20
10 14 2 11 17 20 8 13 19 6 7 15 5 16 12 1 3 18 9 4
20
13 6 1 10 19 8 12 16 3 11 17 15 4 18 2 5 14 7 9 20
20
6 2 18 17 13 12 9 5 20 19 11 7 15 16 14 10 1 3 4 8
20
13 11 19 10 15 14 4 1 18 3 20 12 9 16 17 5 6 8 2 7
20
19 20 9 17 7 3 18 1 13 15 8 2 11 4 14 10 16 5 12 6
20
9 18 19 10 4 11 12 17 8 7 16 1 5 3 2 15 14 13 6 20
20
10 8 9 17 15 11 5 1 4 18 3 19 13 14 16 20 2 6 7 12
21
19 6 1 4 18 17 20 8 3 5 10 13 16 11 2 21 14 7 12 15 9
21
2 17 4 3 19 6 1 7 16 14 9 8 13 21 18 12 5 20 15 11 10
21
3 2 19 17 5 15 9 8 1 12 4 18 14 16 13 20 11 7 6 21 10
21
3 12 6 21 10 16 17 4 20 2 9 5 1 13 7 14 19 15 8 18 11
21
8 10 12 7 16 9 20 15 1 13 14 5 4 6 2 21 3 17 19 11 18
21
11 20 18 13 15 14 1 8 12 5 7 4 2 9 10 6 3 21 16 19 17
21
4 1 9 6 10 3 21 19 16 11 2 7 18 13 8 5 17 20 12 14 15
21
12 8 17 20 14 9 18 3 15 1 19 11 2 6 21 10 4 13 5 16 7
21
8 9 19 17 21 2 7 4 11 16 10 6 5 13 20 12 15 14 1 3 18
21
7 17 13 5 3 8 21 6 19 14 11 4 12 2 16 15 18 9 20 1 10
21
15 14 11 6 8 18 21 20 13 2 7 19 17 5 1 12 10 3 16 9 4
21
21 10 12 16 4 13 2 11 1 8 19 9 5 14 18 3 15 6 17 7 20
21
17 12 20 3 4 7 5 19 15 21 11 6 13 1 14 9 16 10 18 2 8
21
2 20 19 18 16 6 12 17 4 13 9 10 5 3 8 11 14 15 7 1 21
21
15 8 21 14 2 9 4 13 17 11 20 19 18 10 12 16 3 5 1 7 6
21
6 4 5 12 17 13 8 14 9 19 10 3 7 16 15 2 18 1 11 20 21
