24
20
20 17 2 16 18 12 3 2 15 5 1 8 2 19 18 8 3 16 1 14
20
11 8 2 9 8 2 20 3 9 14 19 9 2 18 11 8 14 8 18 3
20
3 20 10 12 5 7 5 12 4 12 7 4 8 11 8 2 7 11 8 11
20
7 4 8 15 8 15 4 3 4 5 19 5 19 7 17 3 17 8 12 3
20
4 12 17 15 4 15 4 15 5 12 5 4 5 17 12 4 15 4 15 17
20
19 20 12 16 11 15 19 13 11 17 12 7 2 10 18 5 7 11 17 8
21
21 7 8 12 20 21 12 10 1 12 1 20 1 10 21 7 21 1 21 7 1
21
11 3 21 3 21 3 2 11 2 11 2 3 4 3 4 3 2 13 2 11 13
21
20 4 8 21 8 2 3 20 15 5 4 8 19 21 8 7 8 6 15 10 11
21
12 15 4 9 17 9 4 18 9 17 9 17 15 12 15 9 4 9 17 18 17
21
1 20 14 12 11 18 2 3 2 13 9 3 5 20 11 4 13 17 18 10 18
21
13 4 15 11 5 11 2 10 2 10 13 15 13 15 5 9 5 9 8 2 8
21
18 7 3 15 7 15 3 4 15 4 3 18 3 18 7 3 7 3 5 3 5
21
4 18 20 18 20 4 16 4 16 7 17 7 4 12 4 12 11 16 2 4 16
21
19 1 19 9 1 10 9 1 19 10 9 1 10 1 19 10 1 10 19 9 19
21
19 5 17 1 8 12 8 20 7 21 18 8 7 12 14 17 13 12 7 8 4
21
15 19 17 13 17 12 19 12 19 13 19 13 7 4 20 13 20 3 4 3 4
21
5 12 4 12 4 14 21 14 21 14 7 17 2 12 2 14 8 15 12 15 12
21
5 3 10 2 10 2 1 17 15 17 15 17 2 17 2 17 2 17 1 3 12
21
4 20 8 4 8 7 4 7 8 7 20 7 20 8 4 8 4 8 4 8 20
21
3 4 3 9 3 10 13 9 3 9 3 9 10 3 9 3 9 10 9 10 9
21
2 20 16 11 17 11 21 3 21 3 18 7 18 3 4 2 17 7 17 7 11
21
6 17 6 20 4 8 5 8 18 6 8 20 8 20 6 20 6 5 6 16 20
21
3 6 8 6 8 12 7 13 4 13 4 20 15 7 15 16 18 7 3 1 3
