10
49
34 9 24 9 24 9 2 16 2 16 2 48 11 36 11 29 28 29 28 29 10 33 10 29 41 29 41 44 18 44 18 46 36 16 36 34 26 29 44 39 5 18 34 1 34 47 3 18 1
50
33 27 20 39 29 1 39 45 1 23 14 21 23 35 22 13 41 13 20 14 22 47 50 22 25 37 27 22 20 47 20 29 36 20 14 28 8 47 22 30 44 36 43 25 50 10 36 43 25 11
50
23 3 32 37 18 31 42 31 42 31 16 31 25 37 31 17 31 23 3 23 18 25 40 42 5 26 40 30 39 32 39 3 19 3 39 26 39 42 5 40 5 26 1 26 18 23 42 5 42 26
50
43 19 39 19 39 19 45 39 32 18 32 18 32 42 17 42 17 42 3 42 3 42 3 48 49 48 49 48 22 42 22 42 22 35 11 7 45 9 34 9 34 38 7 15 7 15 45 34 45 17
50
46 28 11 6 17 10 20 4 30 11 30 3 24 23 24 13 23 24 9 17 10 33 16 31 16 15 6 15 23 39 11 39 21 32 21 48 32 23 17 23 38 3 13 11 23 15 27 30 25 30
50
30 3 21 22 16 36 3 12 2 36 5 8 49 37 33 2 3 33 45 2 5 49 24 9 24 37 41 10 43 32 38 31 5 33 30 15 43 10 30 10 45 8 20 37 32 16 32 38 48 9
50
5 33 6 33 14 33 13 24 36 11 9 11 9 11 16 13 47 13 47 2 1 2 18 13 2 33 31 25 6 25 17 16 2 33 2 33 1 2 1 17 24 5 39 5 2 33 14 9 16 9
50
7 24 6 24 26 21 26 21 26 15 6 15 6 30 49 7 26 15 24 15 24 15 41 24 21 24 21 24 6 21 6 21 6 36 30 26 30 26 15 44 26 30 6 41 49 41 49 26 24 26
50
1 4 40 28 2 38 8 40 8 35 24 7 17 5 22 8 24 36 16 1 36 28 11 21 5 7 27 18 1 15 25 2 15 4 32 31 35 10 44 45 30 35 28 29 31 5 19 37 44 28
50
36 49 41 14 50 36 32 6 36 50 6 14 47 40 4 6 45 47 31 6 50 41 1 31 49 6 45 14 1 23 36 40 1 31 36 14 6 32 23 14 6 41 14 50 49 41 50 32 47 6
