9
55
10 45 10 45 10 45 36 10 45 40 6 40 6 13 40 6 29 12 29 12 47 29 12 44 16 44 16 35 44 16 41 27 41 27 32 41 27 37 1 37 1 54 37 1 38 51 38 51 7 38 51 46 19 53 42
55
23 22 23 22 23 22 18 23 22 39 14 39 14 4 39 14 45 26 45 26 6 45 26 52 15 52 15 31 52 15 55 40 55 40 24 55 40 25 27 25 27 46 25 27 50 17 50 17 36 50 17 43 34 3 29
55
54 51 54 51 54 51 3 54 51 46 5 46 5 53 46 5 31 32 31 32 38 31 32 15 11 15 11 14 15 11 39 9 39 9 21 39 9 26 4 26 4 33 26 4 30 18 30 18 43 30 18 55 22 2 6
55
7 54 7 54 7 54 10 7 54 30 53 30 53 43 30 53 29 19 29 19 17 29 19 46 11 46 11 33 46 11 24 36 24 36 8 24 36 48 27 48 27 38 48 27 32 21 32 21 9 32 21 49 44 5 50
55
22 34 22 34 22 34 40 22 34 16 47 16 47 49 16 47 48 55 48 55 8 48 55 26 50 26 50 39 26 50 3 41 3 41 45 3 41 42 24 42 24 36 42 24 20 18 20 18 10 20 18 31 38 35 30
56
28 48 28 48 28 48 4 28 48 16 39 16 39 5 16 39 41 10 41 10 30 41 10 24 34 24 34 56 24 34 22 47 22 47 26 22 47 7 9 7 9 2 7 9 11 42 11 42 43 11 42 52 46 21 1 6
56
9 15 9 15 9 15 1 9 15 6 25 6 25 55 6 25 12 27 12 27 35 12 27 56 47 56 47 20 56 47 48 31 48 31 19 48 31 33 7 33 7 32 33 7 40 51 40 51 11 40 51 34 41 2 23 39
56
19 45 19 45 19 45 55 19 45 46 30 46 30 35 46 30 48 8 48 8 10 48 8 37 15 37 15 17 37 15 27 28 27 28 43 27 28 50 38 50 38 25 50 38 26 44 26 44 7 26 44 18 40 20 14 34
56
23 49 23 49 23 49 8 23 49 4 46 4 46 7 4 46 52 41 52 41 48 52 41 47 51 47 51 12 47 51 32 2 32 2 5 32 2 14 53 14 53 22 14 53 20 35 20 35 3 20 35 38 39 56 25 45
