20
24
7 16 20 14 13 14 1 17 2 3 11 13 12 13 12 13 12 1 13 12 13 12 13 12
24
24 1 22 6 14 23 1 18 20 18 3 9 4 9 4 9 4 1 9 4 9 4 9 4
25
9 24 13 23 16 6 5 11 18 22 7 6 4 16 4 16 4 16 1 4 16 4 16 4 16
25
15 5 6 9 11 16 6 2 12 11 21 18 1 7 1 7 1 7 2 1 7 1 7 1 7
25
12 20 23 1 12 14 2 14 6 24 22 7 15 1 15 1 15 1 2 15 1 15 1 15 1
25
15 1 15 21 5 3 10 1 9 15 19 6 23 12 23 12 23 12 1 23 12 23 12 23 12
25
13 17 25 5 6 5 23 1 13 24 13 11 14 23 14 23 14 23 1 14 23 14 23 14 23
25
7 20 4 22 4 6 25 2 9 11 7 24 2 14 2 14 2 14 1 2 14 2 14 2 14
25
3 17 2 5 3 13 21 1 21 25 12 4 16 3 16 3 16 3 1 16 3 16 3 16 3
25
17 13 22 18 6 8 16 24 17 7 13 10 8 20 8 20 8 20 1 8 20 8 20 8 20
25
23 24 23 8 18 5 10 16 5 14 5 19 22 15 22 15 22 15 1 22 15 22 15 22 15
25
21 23 25 3 10 6 10 23 20 6 24 15 25 8 25 8 25 8 1 25 8 25 8 25 8
25
12 16 12 20 10 20 21 4 12 20 15 20 25 10 25 10 25 10 1 25 10 25 10 25 10
25
13 5 6 7 8 24 10 11 9 3 18 14 2 3 2 3 2 3 1 2 3 2 3 2 3
25
14 7 23 5 10 4 9 20 1 13 15 14 22 24 22 24 22 24 1 22 24 22 24 22 24
25
24 8 12 10 2 23 1 15 17 22 6 5 8 10 8 10 8 10 1 8 10 8 10 8 10
25
6 1 4 11 17 19 10 13 19 8 1 14 7 16 7 16 7 16 1 7 16 7 16 7 16
25
24 19 9 5 10 14 13 16 23 10 15 8 3 4 3 4 3 4 1 3 4 3 4 3 4
25
7 2 16 22 5 17 8 22 9 7 1 10 1 11 1 11 1 11 2 1 11 1 11 1 11
25
13 21 19 16 14 23 14 11 1 17 16 12 2 25 2 25 2 25 1 2 25 2 25 2 25
