24
20
9 12 10 12 10 12 10 12 10 12 10 12 10 12 10 12 10 1 12 10
20
9 4 20 4 20 4 20 4 20 4 20 4 18 4 20 4 20 4 20 18
20
17 20 4 10 20 4 20 4 20 4 20 4 20 4 20 10 20 4 20 4
20
7 20 18 20 18 20 18 20 18 20 18 20 18 20 18 10 20 18 10 20
20
1 8 3 8 3 8 3 12 8 3 8 3 8 12 8 3 8 3 12 8
20
12 6 13 6 9 6 9 6 9 6 9 6 9 6 9 6 13 6 13 6
21
15 19 21 19 21 19 21 19 21 19 21 19 21 19 21 19 21 19 3 19 3
21
17 16 7 16 7 16 7 16 7 16 18 16 7 16 7 16 7 16 7 16 7
21
7 21 8 21 8 21 8 10 21 8 21 8 21 8 21 8 21 8 21 10 21
21
16 8 5 8 5 11 8 11 8 11 8 5 8 5 8 5 11 8 11 8 5
21
3 19 17 19 17 19 17 19 17 19 17 19 17 19 17 8 19 17 19 17 8
21
20 12 10 12 10 12 10 12 10 12 16 12 10 12 16 12 10 12 10 16 12
21
7 21 5 21 5 21 5 21 5 21 5 21 5 21 5 21 5 21 8 21 5
21
2 16 6 16 6 16 6 16 6 16 6 16 6 16 6 16 6 16 6 16 15
21
19 17 15 17 15 17 15 17 15 17 15 17 11 17 15 11 17 15 17 15 11
21
16 3 15 3 15 3 15 3 15 3 15 3 15 3 15 3 15 3 14 3 14
21
7 12 16 12 16 12 16 12 16 12 16 12 16 12 16 12 16 12 16 15 12
21
17 15 10 15 10 15 10 15 10 15 10 15 10 15 10 15 10 16 15 10 16
21
5 3 2 3 2 3 2 3 2 3 14 3 2 3 2 14 3 2 3 2 3
21
3 19 14 19 14 19 14 19 14 19 5 19 14 19 14 19 14 5 19 14 19
21
15 8 19 8 19 8 19 8 19 8 19 8 19 8 19 8 21 8 19 8 19
21
10 19 11 19 11 19 11 19 11 19 11 19 11 19 11 19 11 19 21 19 11
21
20 8 17 8 17 8 17 8 17 8 17 6 8 17 8 17 8 6 8 17 8
21
7 1 9 1 9 1 9 1 13 1 9 13 1 9 1 9 1 9 1 13 1
