9
55
39 51 35 51 35 51 35 51 35 51 35 51 3 51 3 51 35 51 35 51 35 51 35 51 35 51 35 51 35 51 3 51 35 51 35 51 35 51 35 51 35 51 35 51 35 51 35 51 3 51 35 51 35 51 3
55
44 2 40 2 40 2 40 2 28 2 40 2 40 2 40 28 2 40 2 40 2 40 2 40 2 40 2 40 2 40 2 40 2 28 2 40 2 28 2 40 2 40 2 40 2 40 2 28 2 40 2 28 2 40 2
55
15 50 17 50 17 50 17 50 17 50 17 50 17 50 17 50 17 50 14 50 17 50 17 14 50 17 50 17 50 17 50 17 50 17 50 17 50 14 50 17 50 17 50 17 50 17 50 17 50 17 50 14 50 14 50
55
7 51 31 51 31 51 31 51 31 51 31 51 31 51 31 51 31 51 31 15 51 31 51 31 51 31 51 31 51 31 51 31 51 31 51 31 51 31 15 51 31 51 31 51 31 51 31 51 15 51 31 51 31 51 31
56
48 34 33 34 33 34 33 34 33 34 33 34 37 34 33 34 33 34 33 34 33 34 33 34 33 34 33 34 33 34 33 34 37 34 33 34 33 34 33 34 33 34 33 34 33 34 37 34 33 34 33 34 33 37 34 33
56
19 33 6 33 55 33 6 33 6 33 6 33 6 55 33 6 33 6 33 6 33 6 33 6 33 6 33 6 33 6 33 6 33 55 33 6 33 6 33 6 33 6 33 6 55 33 6 33 6 33 6 33 6 33 6 55
56
51 23 42 23 42 23 42 23 42 23 42 23 42 23 42 23 42 23 42 23 42 2 23 42 23 42 23 42 23 42 23 42 23 42 23 42 23 42 23 42 23 42 23 2 23 42 23 42 23 2 23 42 23 42 2 23
56
17 26 56 26 56 26 56 26 56 26 56 26 56 26 56 26 56 26 56 26 56 26 25 26 56 26 56 26 56 26 56 26 56 26 56 26 56 26 56 26 56 26 56 26 25 26 56 26 56 26 56 25 26 25 26 25
56
1 15 16 34 15 16 15 16 15 16 15 16 15 16 15 16 15 16 15 34 15 16 15 16 15 16 15 16 15 16 15 16 15 16 15 16 15 16 15 16 34 15 16 15 16 34 15 16 15 16 15 16 15 16 34 15
