24
20
8 14 3 19 9 10 5 18 16 11 1 8 14 3 19 9 10 5 18 16
20
12 11 12 5 7 12 2 20 1 19 1 12 11 12 5 7 12 2 20 1
20
20 11 1 19 16 2 9 1 14 16 1 20 11 1 19 16 2 9 1 14
20
20 17 11 12 7 18 17 13 12 2 1 20 17 11 12 7 18 17 13 12
20
18 17 15 2 6 8 2 17 11 10 1 18 17 15 2 6 8 2 17 11
20
4 10 11 3 4 19 16 6 5 20 1 4 10 11 3 4 19 16 6 5
20
12 8 11 6 9 7 1 19 6 16 1 12 8 11 6 9 7 1 19 6
21
5 2 4 3 17 9 2 1 5 4 1 5 2 4 3 17 9 2 1 5 4
21
11 10 14 7 12 6 4 15 21 15 1 11 10 14 7 12 6 4 15 21 15
21
15 14 2 8 15 2 13 17 3 19 1 15 14 2 8 15 2 13 17 3 19
21
11 4 3 21 16 1 19 2 9 11 1 11 4 3 21 16 1 19 2 9 11
21
1 3 17 16 2 3 1 19 8 17 2 1 3 17 16 2 3 1 19 8 17
21
16 14 11 2 5 15 20 19 16 7 1 16 14 11 2 5 15 20 19 16 7
21
20 5 6 1 18 17 10 18 17 10 1 20 5 6 1 18 17 10 18 17 10
21
10 6 3 11 8 1 13 7 12 9 1 10 6 3 11 8 1 13 7 12 9
21
15 16 7 16 8 18 14 16 9 6 1 15 16 7 16 8 18 14 16 9 6
21
14 5 19 13 16 9 4 9 12 20 1 14 5 19 13 16 9 4 9 12 20
21
1 21 20 4 3 13 3 20 2 4 2 1 21 20 4 3 13 3 20 2 4
21
11 5 2 18 16 6 14 10 13 10 1 11 5 2 18 16 6 14 10 13 10
21
10 8 3 14 2 17 6 16 15 1 2 10 8 3 14 2 17 6 16 15 1
21
13 17 20 16 19 8 7 1 4 5 1 13 17 20 16 19 8 7 1 4 5
21
13 12 4 21 19 13 16 4 19 2 1 13 12 4 21 19 13 16 4 19 2
21
18 15 18 20 4 12 16 18 16 11 1 18 15 18 20 4 12 16 18 16 11
21
1 21 20 14 2 4 1 16 7 21 2 1 21 20 14 2 4 1 16 7 21
