10
50
11 31 46 3 1 39 5 17 21 31 10 36 20 2 43 29 38 8 21 26 30 26 46 42 19 1 11 31 46 3 1 39 5 17 21 31 10 36 20 2 43 29 38 8 21 26 30 26 46 42
50
10 24 48 46 4 45 17 24 41 47 25 4 13 38 42 46 47 19 30 18 8 4 19 17 29 1 10 24 48 46 4 45 17 24 41 47 25 4 13 38 42 46 47 19 30 18 8 4 19 17
50
37 29 21 27 37 17 11 1 34 30 17 10 4 20 15 43 7 11 40 19 42 22 49 18 34 1 37 29 21 27 37 17 11 1 34 30 17 10 4 20 15 43 7 11 40 19 42 22 49 18
50
40 26 38 39 31 10 38 47 33 13 14 41 23 27 15 43 39 28 14 26 38 6 41 8 49 1 40 26 38 39 31 10 38 47 33 13 14 41 23 27 15 43 39 28 14 26 38 6 41 8
50
44 27 5 47 12 25 23 38 14 40 50 38 14 19 2 38 23 10 26 44 17 4 31 9 29 1 44 27 5 47 12 25 23 38 14 40 50 38 14 19 2 38 23 10 26 44 17 4 31 9
50
38 3 32 44 18 35 24 21 34 47 22 7 46 37 29 16 19 12 47 3 26 33 14 16 24 1 38 3 32 44 18 35 24 21 34 47 22 7 46 37 29 16 19 12 47 3 26 33 14 16
50
4 25 9 27 49 12 48 3 38 32 1 29 25 29 26 1 37 48 38 50 44 18 49 17 33 1 4 25 9 27 49 12 48 3 38 32 1 29 25 29 26 1 37 48 38 50 44 18 49 17
50
16 3 20 5 31 33 1 19 46 5 41 18 10 36 25 8 23 34 7 43 30 31 21 49 6 1 16 3 20 5 31 33 1 19 46 5 41 18 10 36 25 8 23 34 7 43 30 31 21 49
50
32 28 43 8 42 3 37 18 6 27 44 11 32 21 31 42 22 24 4 18 21 50 27 46 28 1 32 28 43 8 42 3 37 18 6 27 44 11 32 21 31 42 22 24 4 18 21 50 27 46
50
4 43 41 12 7 22 44 1 25 50 8 35 49 5 10 44 37 16 27 40 19 46 34 21 50 1 4 43 41 12 7 22 44 1 25 50 8 35 49 5 10 44 37 16 27 40 19 46 34 21
