21
23
20 15 7 1 14 19 1 11 22 19 7 1 20 15 7 1 14 19 1 11 22 19 7
23
15 1 2 19 10 13 15 11 9 4 7 1 15 1 2 19 10 13 15 11 9 4 7
23
15 18 12 14 22 9 14 6 16 5 15 1 15 18 12 14 22 9 14 6 16 5 15
23
19 22 17 11 14 21 9 1 15 8 18 1 19 22 17 11 14 21 9 1 15 8 18
23
9 12 3 14 20 3 19 4 22 1 22 1 9 12 3 14 20 3 19 4 22 1 22
23
22 17 3 6 15 13 2 23 4 5 11 1 22 17 3 6 15 13 2 23 4 5 11
23
5 13 12 4 17 16 8 11 8 7 2 1 5 13 12 4 17 16 8 11 8 7 2
23
20 6 7 6 4 19 21 5 19 12 22 1 20 6 7 6 4 19 21 5 19 12 22
24
11 13 22 21 16 11 6 20 5 12 1 3 1 11 13 22 21 16 11 6 20 5 12 1
24
5 6 1 24 1 17 3 15 22 4 3 11 1 5 6 1 24 1 17 3 15 22 4 3
24
19 2 12 16 4 6 10 21 20 1 3 10 1 19 2 12 16 4 6 10 21 20 1 3
24
18 17 13 18 15 6 4 14 23 21 20 14 1 18 17 13 18 15 6 4 14 23 21 20
24
23 5 4 23 13 3 16 9 18 11 20 13 1 23 5 4 23 13 3 16 9 18 11 20
24
8 15 13 12 21 13 14 24 6 19 5 2 1 8 15 13 12 21 13 14 24 6 19 5
24
10 24 21 11 15 23 21 20 9 21 2 12 1 10 24 21 11 15 23 21 20 9 21 2
24
17 15 4 22 2 19 4 11 14 3 17 24 1 17 15 4 22 2 19 4 11 14 3 17
24
5 12 22 13 18 11 9 19 2 9 19 14 1 5 12 22 13 18 11 9 19 2 9 19
24
1 2 16 5 15 10 11 22 8 12 1 9 2 1 2 16 5 15 10 11 22 8 12 1
24
13 4 21 23 6 17 1 18 19 22 24 8 1 13 4 21 23 6 17 1 18 19 22 24
24
19 15 2 12 4 6 2 23 1 22 7 6 1 19 15 2 12 4 6 2 23 1 22 7
24
12 5 21 3 22 15 19 14 15 12 11 22 1 12 5 21 3 22 15 19 14 15 12 11
