77
51
4 38 24 28 31 16 19 6 15 10 51 50 42 48 26 14 17 40 37 3 45 2 49 44 29 7 11 18 32 21 13 27 25 8 35 47 23 39 36 9 5 12 46 33 43 20 41 1 30 34 22
51
4 48 13 46 25 11 27 45 50 51 22 23 17 12 14 37 35 18 39 44 1 33 30 43 5 24 42 15 20 8 21 19 49 9 26 47 38 2 41 6 10 36 32 16 3 34 7 31 29 40 28
51
8 10 11 31 41 29 2 37 42 9 12 34 23 7 39 48 38 36 47 50 27 5 28 35 32 25 51 1 46 33 4 22 45 30 15 43 6 16 13 18 24 19 20 21 26 49 44 40 17 3 14
51
19 16 47 49 18 28 22 9 5 21 1 7 37 25 24 17 11 35 20 30 2 23 3 33 27 40 6 26 29 43 10 8 46 48 4 15 41 31 51 39 14 13 32 44 12 42 34 50 36 38 45
51
37 9 26 4 45 22 32 38 43 35 49 10 11 5 6 51 48 44 41 19 30 24 39 7 42 40 3 16 28 33 29 15 46 31 25 23 47 36 50 13 8 18 34 21 1 14 12 17 20 27 2
51
10 18 15 6 34 22 29 51 46 20 26 2 36 21 42 12 44 13 17 28 30 3 14 16 9 23 43 27 48 31 1 47 39 50 40 24 25 33 4 45 49 37 32 35 38 7 5 11 8 41 19
51
15 29 12 40 5 10 2 11 46 4 39 14 24 23 43 26 32 48 50 13 17 36 51 35 9 6 21 44 37 8 25 1 49 33 27 18 41 16 30 45 47 19 7 20 38 28 22 31 34 3 42
51
31 11 1 34 27 49 32 8 13 39 44 51 25 38 22 15 26 6 3 2 41 10 4 33 21 42 18 9 5 12 47 40 16 50 20 48 17 35 7 14 24 43 36 28 30 19 29 45 46 23 37
51
17 42 30 28 23 7 9 26 27 43 46 44 40 22 35 11 39 16 38 10 33 12 31 24 19 4 29 6 3 49 2 51 21 45 47 20 18 14 8 50 48 36 5 32 15 41 37 13 25 34 1
51
2 7 29 15 46 14 50 18 21 40 51 42 4 45 41 49 30 12 32 28 44 10 38 31 5 27 11 37 8 39 26 47 17 43 20 9 3 25 16 35 24 1 48 13 6 33 34 22 36 23 19
51
36 10 20 42 47 25 48 44 9 33 45 3 5 31 46 17 34 4 12 30 13 38 51 26 22 6 18 40 16 11 50 19 2 41 7 24 35 29 15 28 39 27 23 37 43 21 8 1 32 14 49
51
25 38 27 48 17 43 12 34 45 7 21 6 18 51 13 24 9 26 42 2 47 8 28 46 10 37 30 35 11 44 33 20 16 31 29 19 41 50 22 1 3 39 32 49 40 15 4 23 14 5 36
51
44 7 51 8 23 49 26 36 50 2 43 45 22 1 46 27 47 16 32 40 24 19 34 4 13 12 28 35 39 37 11 29 14 3 33 21 30 17 48 25 15 38 6 41 31 9 10 18 42 20 5
51
36 8 45 44 27 7 1 13 39 47 2 31 20 26 22 33 51 14 50 4 19 34 23 11 29 24 46 9 25 42 40 3 41 5 12 38 32 6 43 30 17 10 28 15 48 18 16 21 35 37 49
51
35 25 8 43 10 3 12 5 32 38 2 20 42 22 16 11 4 7 17 49 50 23 9 30 1 24 14 28 19 33 37 45 15 39 36 18 40 29 6 27 34 26 51 46 47 44 41 13 21 48 31
51
12 5 1 15 27 16 3 23 17 6 26 30 29 14 49 50 39 33 25 32 45 46 20 9 11 34 21 4 36 38 31 47 10 19 44 48 8 41 28 7 37 35 24 42 18 13 51 40 22 43 2
51
9 37 12 34 18 51 49 31 30 47 6 28 1 4 41 7 40 15 33 24 10 17 42 36 3 27 50 20 23 26 11 2 39 45 19 14 32 5 8 21 48 25 46 22 13 44 38 35 43 29 16
51
4 9 29 33 2 11 22 19 45 39 51 31 14 23 15 44 25 27 20 50 3 43 47 1 17 28 38 8 41 34 26 16 32 49 48 10 24 13 46 35 30 40 18 7 36 5 37 21 6 42 12
51
40 13 29 1 21 37 39 4 27 23 12 32 2 16 36 48 34 20 18 45 22 30 44 49 25 15 11 41 8 26 9 14 43 5 42 46 19 38 51 17 3 28 35 47 24 10 6 33 50 7 31
51
45 40 36 34 41 16 23 13 43 15 21 24 31 17 9 30 29 1 12 42 32 35 26 5 27 47 7 46 48 14 11 20 51 38 18 39 28 6 4 3 50 2 33 10 19 49 25 8 22 37 44
51
38 4 42 22 26 44 18 43 32 12 47 15 10 17 27 6 39 8 21 35 13 11 23 1 36 40 7 25 16 29 34 49 19 37 2 41 51 48 20 3 14 28 31 24 33 45 50 5 30 46 9
51
36 49 5 51 20 37 32 38 19 12 44 8 47 9 33 13 18 4 30 11 35 39 40 46 24 27 14 17 23 7 1 28 26 41 48 2 50 6 10 16 45 3 43 31 22 29 42 25 34 21 15
51
27 5 48 34 18 37 8 40 49 13 29 24 26 3 20 45 28 50 36 19 41 32 42 44 38 2 22 31 15 10 51 1 12 7 39 47 25 4 30 17 21 6 46 35 11 9 33 43 14 23 16
51
6 51 7 34 41 18 43 13 50 46 5 20 45 4 12 19 8 30 48 39 31 47 10 1 16 24 28 40 29 49 33 26 2 22 44 32 9 35 21 25 15 37 38 17 27 14 42 11 3 36 23
51
7 8 17 16 5 33 9 44 10 27 18 45 35 46 28 23 26 38 47 3 24 12 19 41 1 21 31 2 37 4 48 42 25 6 22 13 40 43 20 34 29 32 36 39 14 50 51 49 30 15 11
51
21 12 36 39 25 46 20 31 47 50 28 15 19 18 41 7 51 22 35 27 17 4 9 40 33 34 6 5 13 14 8 29 10 1 24 32 44 37 45 30 23 3 43 49 2 48 16 42 11 38 26
51
11 39 27 9 43 1 10 38 19 33 5 49 41 51 21 2 7 3 6 50 25 40 22 42 47 14 8 36 4 45 29 15 34 18 48 23 44 30 32 13 28 26 16 12 17 20 35 24 31 37 46
51
42 51 18 33 11 30 22 5 34 44 17 15 10 13 40 26 49 14 9 48 1 36 6 35 20 32 46 23 37 47 8 16 31 28 41 43 27 45 3 38 2 4 29 21 25 24 19 50 12 7 39
51
2 36 43 16 32 29 14 1 11 50 33 13 47 6 25 27 5 10 30 8 45 28 24 7 38 42 46 39 9 34 41 51 17 4 15 21 26 12 37 3 23 35 44 40 49 48 22 31 20 18 19
51
30 46 7 13 28 1 24 31 47 10 49 51 17 18 21 37 42 34 38 35 33 19 5 2 3 23 16 22 14 8 48 29 20 32 39 50 44 11 9 40 41 45 12 27 25 15 6 43 26 4 36
51
36 40 11 43 35 37 29 6 32 39 50 4 5 42 2 22 3 45 51 49 16 34 17 15 13 8 27 25 47 19 46 18 48 9 12 38 33 24 30 20 14 26 23 31 7 1 28 41 44 10 21
51
33 45 6 27 28 17 5 20 8 14 39 10 44 15 49 46 43 12 29 51 18 22 41 24 40 48 37 32 47 30 16 13 3 26 9 35 38 19 2 4 1 34 31 50 7 36 42 25 21 11 23
51
23 12 31 5 30 36 38 18 17 26 46 28 27 25 20 14 50 24 2 37 39 19 43 4 1 45 49 16 33 7 40 3 47 32 13 41 8 29 10 48 42 15 22 21 11 51 35 44 6 9 34
51
35 27 42 8 17 26 36 45 34 44 23 1 48 16 4 25 15 46 5 12 32 21 43 14 18 47 6 37 11 50 24 19 7 20 28 51 3 2 38 10 29 41 13 22 9 40 49 39 31 30 33
51
15 41 47 38 19 39 45 20 10 40 37 31 3 27 17 43 1 4 36 29 7 48 23 18 24 26 11 6 34 28 13 25 49 22 50 30 9 42 21 35 12 8 5 2 16 14 32 44 33 46 51
51
7 46 16 19 26 48 13 20 24 28 39 5 12 9 50 21 38 1 34 15 31 17 14 49 4 37 6 10 42 47 32 30 33 18 40 2 3 51 23 8 45 43 35 36 11 29 44 22 41 25 27
51
43 21 15 11 51 40 7 27 45 5 20 50 48 39 31 8 30 32 37 26 23 18 14 46 13 25 33 44 9 22 24 3 2 6 4 49 42 10 28 38 12 1 29 36 41 34 19 16 35 17 47
51
31 42 2 24 18 48 8 11 47 36 4 29 21 35 50 39 7 10 34 41 5 3 33 19 20 37 44 43 49 30 1 13 27 23 46 16 26 12 45 28 25 22 14 15 9 40 51 38 17 32 6
52
49 40 27 19 5 44 48 45 51 31 32 17 47 26 20 29 24 38 36 34 42 14 46 28 39 3 52 6 15 30 8 18 4 11 2 1 13 33 43 37 50 23 22 9 12 10 21 35 41 7 16 25
52
41 22 31 33 44 30 5 52 25 2 3 28 35 45 36 42 14 18 20 4 26 15 19 17 23 32 48 24 6 40 13 12 49 38 51 16 11 46 50 9 8 34 43 21 29 10 47 27 39 37 7 1
52
20 26 39 10 21 24 48 6 27 15 7 47 52 46 22 44 31 50 16 12 17 25 9 18 3 28 35 32 29 36 19 38 4 45 51 30 42 40 8 49 11 1 37 2 23 13 34 5 43 41 33 14
52
35 38 49 25 32 41 7 9 22 5 13 15 16 47 2 34 39 28 23 44 31 48 18 52 40 26 37 4 14 17 10 11 30 33 24 1 36 12 27 50 19 29 8 46 3 43 45 51 20 42 21 6
52
27 41 19 52 14 42 38 44 6 33 29 31 21 10 8 35 17 30 47 49 43 46 39 5 22 11 12 40 20 37 16 28 9 7 23 36 3 50 26 34 48 25 13 45 18 2 4 51 1 24 32 15
52
48 17 35 31 2 30 16 19 21 26 24 49 32 38 50 6 39 18 22 3 15 27 14 13 7 20 42 9 44 34 46 40 28 43 45 8 33 12 4 52 41 23 29 11 25 51 10 37 36 47 5 1
52
40 24 34 51 43 44 46 17 37 45 14 3 32 2 29 27 25 49 21 11 16 48 47 15 18 30 33 26 10 52 39 38 31 12 8 35 36 50 19 20 23 5 6 41 4 1 22 9 7 13 42 28
52
36 19 8 18 44 42 39 52 2 3 35 50 4 33 45 47 51 27 25 9 48 14 30 46 38 20 23 5 12 29 34 7 32 41 37 31 49 22 21 13 43 15 16 1 10 24 40 6 17 11 26 28
52
15 25 45 16 41 14 37 36 46 42 23 3 4 38 35 8 31 40 30 10 52 29 32 48 28 43 17 27 24 1 34 50 22 18 12 51 6 19 44 20 2 9 26 39 47 11 13 49 21 7 33 5
52
49 40 41 35 44 7 45 50 16 23 11 51 37 18 52 31 30 6 33 32 29 46 20 26 27 21 12 34 38 15 13 19 2 9 39 36 3 25 17 24 22 8 10 5 28 14 42 47 48 43 4 1
52
31 36 17 45 7 2 40 30 42 32 41 25 12 34 14 3 38 24 49 4 33 22 28 15 37 50 29 10 20 46 35 5 23 51 26 52 13 16 44 19 48 43 47 9 11 39 1 27 18 8 21 6
52
11 16 17 41 50 20 12 19 25 49 2 22 14 51 33 45 21 39 40 23 31 46 18 5 43 47 34 10 9 15 37 36 7 32 44 30 13 4 48 1 38 24 42 27 29 3 8 28 52 26 35 6
52
24 7 51 47 26 13 48 27 19 8 46 45 14 52 41 4 28 20 15 37 29 50 11 44 33 40 1 17 16 6 25 38 30 49 36 42 34 35 43 9 31 22 12 23 39 21 5 10 32 3 18 2
52
45 18 10 3 51 38 19 9 27 41 31 37 22 47 39 49 11 4 21 13 52 32 42 46 20 43 8 12 48 25 2 16 6 29 28 24 7 33 44 35 36 23 26 17 34 1 15 50 30 40 14 5
52
18 23 8 21 39 16 32 2 33 13 40 26 20 36 15 35 4 45 24 48 3 25 42 9 5 22 52 19 50 27 17 34 29 14 51 41 43 6 1 47 12 44 7 30 49 31 28 46 38 11 10 37
52
46 50 41 29 23 24 30 8 26 19 35 4 12 22 28 52 37 15 20 25 6 48 7 43 39 45 44 21 16 11 13 36 1 18 27 33 34 49 42 32 51 17 5 47 10 31 9 38 2 14 40 3
52
52 25 39 17 12 10 5 14 4 44 38 45 13 6 18 23 28 8 9 49 27 41 36 11 15 31 20 32 46 29 19 48 26 22 50 40 35 30 33 21 51 37 42 34 3 7 47 2 16 1 24 43
52
29 15 7 21 40 50 10 20 4 19 49 46 34 13 44 3 47 9 5 16 31 30 27 33 14 1 38 35 25 42 12 51 22 2 6 43 8 48 26 24 45 39 52 18 36 23 11 37 28 17 41 32
52
26 44 15 48 46 23 28 6 2 29 21 18 34 7 41 51 42 32 37 11 5 1 8 40 19 50 25 30 38 49 27 13 52 31 24 9 33 22 39 16 45 20 35 12 17 4 47 10 43 14 36 3
52
7 17 1 2 9 39 52 13 10 44 29 14 50 18 11 49 30 32 35 15 31 8 37 21 42 38 6 5 20 24 25 22 26 3 46 23 27 40 47 48 12 34 16 41 28 33 4 43 36 19 45 51
52
52 8 18 41 10 48 42 47 15 5 26 36 39 21 17 43 31 16 49 19 44 14 7 50 6 35 33 25 4 27 34 12 1 28 51 29 30 13 24 9 46 22 37 45 32 40 23 11 2 3 38 20
52
24 14 38 32 43 35 30 49 9 52 16 41 33 42 17 34 13 47 29 5 22 51 23 12 19 40 3 48 25 2 1 44 11 36 21 15 18 7 27 10 39 26 20 46 50 45 28 8 37 31 6 4
52
48 33 26 9 6 8 37 34 39 3 41 36 30 24 42 35 19 13 14 22 29 5 49 10 23 7 2 27 12 11 1 20 31 51 44 28 43 46 47 16 52 21 40 15 18 50 17 25 4 38 45 32
52
7 27 47 19 33 4 35 24 37 43 21 42 20 51 39 46 9 18 50 48 26 10 2 40 29 6 25 31 38 23 17 11 44 28 8 22 3 30 13 34 36 41 15 5 1 16 52 12 14 32 45 49
52
6 42 4 40 51 20 26 7 28 52 18 48 24 38 47 17 29 27 36 21 12 9 19 35 3 1 46 34 41 32 2 10 44 16 33 23 43 5 37 13 49 50 11 31 25 45 14 30 15 8 22 39
52
40 22 9 33 47 18 49 6 51 5 39 2 30 17 31 21 29 24 52 28 35 11 15 34 48 42 38 37 3 46 45 25 7 44 32 19 10 27 36 1 20 4 41 13 14 50 43 12 23 16 8 26
52
15 5 24 34 44 45 4 48 12 6 47 31 43 18 30 22 38 14 49 23 36 41 37 20 17 25 27 21 42 33 51 11 7 29 28 32 35 46 52 39 8 10 19 40 13 9 1 16 3 2 50 26
52
7 37 27 24 14 50 48 33 40 18 46 6 31 3 5 17 36 15 52 23 45 43 34 21 2 1 16 9 13 10 35 28 11 8 49 44 19 4 12 26 38 39 47 51 20 32 22 30 42 29 41 25
52
27 17 43 9 6 40 18 48 3 37 25 26 34 10 44 5 50 47 29 52 45 14 8 41 15 32 22 30 7 46 39 42 12 13 24 19 35 2 49 20 28 38 23 11 21 16 4 36 51 33 1 31
52
31 23 42 2 48 45 7 52 5 9 4 33 19 10 20 17 44 6 30 41 39 35 38 37 21 3 24 1 36 8 26 40 15 32 43 16 49 34 18 14 46 11 51 25 27 47 22 50 29 13 12 28
52
2 11 23 28 32 45 5 34 43 50 7 9 3 4 51 25 36 42 46 10 39 38 17 33 15 14 48 47 37 29 18 12 40 30 52 49 41 1 35 19 13 26 6 20 21 16 22 44 8 31 24 27
52
47 25 17 13 18 26 29 37 14 15 52 33 51 35 28 9 46 6 31 8 42 11 2 12 23 20 3 1 45 34 22 36 32 49 39 50 43 44 7 38 21 16 4 24 48 41 40 10 5 19 27 30
52
49 5 6 13 31 11 51 27 2 28 14 44 36 47 16 33 38 37 23 26 42 9 7 39 8 22 12 18 19 32 50 17 52 15 30 35 46 34 45 3 24 41 43 4 20 40 1 10 48 21 25 29
52
21 32 8 37 41 43 51 28 22 50 49 52 7 31 10 40 24 20 16 39 30 2 34 25 13 45 46 18 3 15 36 14 27 5 47 19 35 23 26 6 33 29 9 12 17 42 4 1 44 11 38 48
52
52 50 19 27 18 35 32 51 17 8 39 30 43 24 15 14 10 25 36 38 20 9 2 31 41 47 16 28 7 26 48 5 4 33 29 12 37 34 42 13 49 45 6 11 1 40 46 22 21 44 23 3
52
25 2 9 8 16 40 21 4 34 6 47 30 45 20 42 1 24 50 7 17 10 26 23 35 29 11 14 15 51 44 22 36 31 37 33 48 13 41 52 19 38 18 43 46 28 27 12 49 39 5 32 3
52
23 20 14 18 27 9 43 34 48 39 47 2 7 16 25 10 31 36 13 29 26 4 40 21 46 8 5 30 45 52 50 3 35 22 1 17 49 44 32 6 28 33 41 51 38 19 15 42 37 24 11 12
52
25 34 30 26 33 21 11 29 41 38 1 50 12 4 49 15 45 51 42 27 19 22 35 39 36 52 20 28 24 23 13 17 37 14 8 48 44 31 18 6 9 3 43 47 16 40 10 46 32 2 5 7
52
29 35 34 51 39 5 40 44 49 2 23 41 17 36 10 19 25 13 14 8 43 46 47 18 28 52 26 11 21 45 7 3 30 12 4 31 22 32 6 20 33 15 24 27 9 1 38 16 50 42 37 48
