200
19
8 17 15 1 18 12 15 6 3 6 1 5 9 5 12 2 9 3 18
19
19 8 7 1 11 4 11 19 13 19 11 7 19 13 19 11 7 11 7
19
11 10 1 17 16 17 4 3 11 15 11 16 10 7 4 7 4 14 12
19
19 2 10 14 3 5 10 14 15 9 7 13 7 15 18 6 14 8 6
19
8 7 1 19 6 7 8 7 19 11 8 9 19 7 11 9 19 18 6
19
12 18 16 9 1 19 1 9 16 9 4 12 4 8 19 1 19 7 13
19
19 13 4 7 6 4 19 13 8 16 13 14 6 19 16 19 7 14 16
19
10 17 15 5 15 7 6 3 19 3 19 3 7 8 4 8 4 17 7
19
16 17 5 17 15 17 16 4 16 15 16 1 17 8 13 8 6 5 15
19
3 2 3 5 3 11 3 11 5 11 5 2 11 2 11 2 11 5 3
19
19 15 1 8 13 2 19 16 2 19 18 2 16 2 16 4 16 1 4
19
8 17 19 7 19 2 12 6 12 6 10 12 17 19 17 7 8 17 14
19
8 3 14 3 16 3 16 3 13 16 13 16 5 16 5 16 14 16 14
19
12 13 5 17 4 13 11 10 17 5 4 11 4 14 11 12 5 4 5
19
4 9 14 10 6 19 10 19 10 6 10 5 19 5 19 4 19 14 19
19
14 13 18 13 14 17 8 18 14 6 18 13 14 13 6 18 6 17 14
19
9 8 10 8 3 9 17 8 7 12 2 12 3 15 2 18 9 11 7
19
17 13 14 13 2 18 5 6 1 2 18 7 9 16 2 11 10 2 15
19
9 19 12 19 12 5 12 5 12 5 12 9 5 9 4 1 4 5 9
20
19 18 7 20 15 9 7 17 2 17 8 18 15 4 13 7 12 4 7 19
20
16 5 9 4 8 10 16 3 9 10 3 9 17 16 3 10 5 19 3 4
20
18 2 10 7 5 11 12 2 5 7 12 7 5 11 15 7 13 3 5 10
20
19 4 2 1 8 14 12 4 18 2 1 15 1 14 6 16 12 14 12 2
20
15 5 13 5 13 19 16 13 2 13 17 16 17 16 12 15 12 8 17 14
20
1 9 6 20 2 20 6 14 5 20 12 20 9 16 9 20 7 20 7 9
20
8 10 14 10 14 18 3 9 11 8 19 3 19 3 6 12 6 1 3 9
20
19 8 19 10 19 10 19 14 4 17 19 17 14 13 14 13 14 12 18 12
20
7 9 14 16 7 16 1 4 16 3 7 14 2 7 20 16 10 9 16 20
20
20 10 8 10 5 8 14 3 5 10 5 10 8 4 8 14 8 14 8 10
20
19 6 20 7 13 12 20 8 16 13 9 17 18 2 3 19 7 11 3 11
20
1 8 13 6 18 16 5 11 16 5 12 20 7 17 7 20 16 18 4 12
20
13 4 3 6 13 6 2 14 7 11 7 13 6 1 19 2 14 13 1 6
20
16 15 9 2 14 15 1 3 1 16 19 9 14 3 1 16 19 4 16 3
20
1 5 9 2 16 1 5 1 5 16 15 20 13 20 13 5 2 5 13 19
20
15 11 10 11 10 11 6 10 6 12 19 12 6 15 6 20 19 20 19 11
20
14 1 2 1 2 1 17 1 17 14 11 14 18 15 18 15 2 5 2 8
20
7 17 12 13 17 13 12 7 12 13 17 13 7 17 12 17 13 7 13 12
20
12 8 10 8 10 8 1 10 1 16 12 16 12 7 3 7 3 8 10 9
20
7 4 6 7 4 7 19 4 7 6 19 7 4 19 4 7 6 4 19 7
20
5 10 6 10 18 5 11 10 11 4 6 18 12 19 17 18 17 5 17 10
20
1 17 5 9 10 17 8 4 13 3 8 1 3 10 20 9 12 9 17 4
20
8 5 2 4 10 4 10 11 14 1 14 4 17 14 2 8 3 4 15 14
20
19 18 8 13 8 13 14 9 14 9 14 16 19 7 18 7 4 20 4 18
20
14 3 18 4 20 8 16 12 6 4 10 1 16 7 20 18 4 7 10 18
20
6 8 16 8 16 2 12 2 12 2 14 8 19 8 19 8 14 16 19 8
20
2 10 4 10 7 13 10 11 6 11 6 20 9 20 14 4 14 4 9 12
20
19 11 3 19 2 5 19 2 12 3 1 5 3 5 2 3 12 1 2 3
20
13 7 6 7 6 3 20 17 16 20 16 2 14 11 14 2 5 1 4 12
20
19 4 3 7 19 3 7 14 9 4 19 18 15 9 14 3 9 1 15 14
20
18 20 12 20 12 9 20 4 18 14 18 4 9 4 9 20 14 12 18 9
20
13 20 19 20 19 20 13 20 13 20 13 17 8 17 8 17 20 17 20 8
20
18 7 13 8 19 8 6 19 12 3 12 4 11 4 11 4 14 5 17 5
20
17 1 12 15 14 15 12 10 12 14 17 14 12 10 12 9 10 9 10 7
20
18 8 16 2 19 5 19 9 6 5 14 18 8 14 8 16 14 17 14 17
20
12 8 7 12 7 12 7 14 7 14 8 12 8 12 7 12 7 12 8 12
20
20 2 10 8 1 13 18 14 8 14 1 20 1 5 17 18 10 2 18 16
20
12 17 18 16 3 13 3 20 17 15 13 18 13 18 16 7 16 17 11 17
20
5 17 10 5 3 11 2 3 2 14 10 1 17 11 5 20 17 10 14 2
20
17 6 9 6 12 19 3 16 3 16 20 11 20 11 15 2 3 7 15 6
20
2 20 18 15 18 15 18 15 10 2 14 13 4 13 6 12 6 12 17 10
20
6 2 12 3 20 15 4 10 2 9 16 19 17 1 15 5 15 19 17 2
20
12 3 13 2 11 2 11 2 12 9 12 5 10 15 1 15 1 15 10 15
20
6 19 17 8 9 13 9 13 9 2 6 2 9 6 9 6 19 9 16 9
20
19 20 11 20 11 20 7 19 11 18 11 16 18 7 18 19 7 20 16 20
20
1 9 17 15 17 10 17 8 6 4 13 2 4 1 4 6 13 15 7 8
20
11 2 17 2 17 19 3 19 5 17 5 3 5 3 5 2 11 19 3 19
20
5 8 20 17 1 17 1 20 5 8 20 8 6 2 17 6 5 8 17 8
20
20 5 20 14 12 14 8 14 8 14 8 5 19 11 1 11 1 11 5 10
20
3 19 5 1 5 15 5 15 10 19 10 9 19 9 3 1 3 10 3 15
20
14 1 9 17 4 9 3 9 3 9 4 6 4 6 4 11 1 6 15 1
20
4 7 12 7 14 13 14 13 6 2 13 17 20 12 13 5 8 1 8 19
20
10 2 10 2 10 2 17 15 7 13 7 13 19 15 18 20 15 20 15 10
20
9 15 12 15 9 18 9 18 1 9 1 9 14 18 14 18 14 1 17 15
20
11 19 15 3 2 15 19 2 19 2 15 19 15 3 15 3 14 19 2 19
20
16 13 5 13 5 13 16 13 16 13 3 5 3 5 3 16 13 16 5 16
20
7 15 4 7 17 12 15 8 2 4 17 4 17 8 9 15 17 12 17 8
20
20 16 3 16 20 4 16 20 3 7 16 7 3 4 3 7 20 7 3 4
20
1 14 19 10 8 2 4 1 2 12 4 18 8 19 17 6 9 15 16 18
20
5 16 6 16 9 5 1 5 1 17 15 17 1 5 12 18 17 18 17 13
20
4 11 7 1 6 13 4 19 11 6 1 4 11 2 7 3 1 7 14 7
20
14 13 12 17 19 17 20 17 20 13 3 13 19 4 19 4 11 9 12 11
20
7 10 5 10 11 16 4 7 11 20 10 16 11 10 20 4 11 5 16 20
20
11 9 13 9 13 9 6 14 13 15 9 11 13 11 13 11 14 6 15 13
20
4 7 20 4 11 20 4 7 20 7 4 7 4 7 20 11 7 11 7 20
20
4 15 6 15 20 3 20 19 9 19 9 3 9 3 9 2 19 17 19 10
20
18 8 9 8 9 8 2 19 5 4 5 18 5 18 16 8 16 18 5 18
20
12 4 20 4 12 20 2 4 12 20 2 12 4 12 2 13 2 4 20 4
20
3 18 2 18 2 9 2 9 6 5 6 18 13 18 13 3 7 3 7 3
20
10 9 20 9 18 15 18 5 15 11 15 19 9 19 8 14 12 20 13 15
20
9 4 2 4 5 18 2 14 18 2 18 7 2 19 6 19 2 7 2 6
20
8 19 20 9 19 9 11 15 11 20 1 10 20 10 19 11 8 1 20 16
20
7 18 5 20 3 14 5 18 4 14 7 3 13 1 18 9 20 7 1 4
20
12 3 9 15 3 15 18 20 18 20 8 9 8 20 12 20 12 15 19 9
20
9 20 16 17 8 14 20 16 13 16 20 6 20 9 1 9 8 16 18 5
20
13 2 9 3 13 3 2 9 14 15 9 15 9 19 13 19 14 1 14 1
20
20 4 1 9 18 17 19 6 3 11 20 12 9 20 4 14 16 3 14 1
20
8 14 5 14 5 9 8 5 6 5 6 5 16 9 16 9 5 6 5 14
20
18 10 8 18 6 13 12 5 14 3 1 18 4 11 8 11 9 16 15 11
20
12 1 4 1 10 4 1 12 4 17 10 12 17 7 4 7 12 10 7 12
20
4 20 5 20 7 5 13 17 13 11 13 4 19 18 10 1 5 11 17 10
20
11 7 6 5 7 11 7 4 6 4 6 11 3 4 6 4 11 5 11 6
20
17 2 13 17 11 5 11 5 13 12 17 14 13 5 17 14 2 14 13 5
20
9 11 16 11 12 7 19 7 8 6 1 6 1 6 8 19 20 19 18 10
20
7 5 14 5 14 5 14 18 14 18 14 5 3 5 3 5 3 16 3 14
20
8 17 3 18 10 9 10 9 10 3 18 8 10 9 2 18 10 18 13 3
20
8 9 8 10 7 10 7 5 16 5 16 5 16 17 16 17 15 13 15 13
20
14 16 18 2 13 7 9 7 18 10 18 10 7 5 7 15 4 12 4 12
20
10 14 20 14 20 15 12 10 7 12 7 11 14 11 14 13 4 19 12 2
20
9 13 4 13 12 13 10 7 10 7 10 9 13 12 13 12 13 7 13 4
20
18 14 20 14 20 19 20 16 14 16 14 13 19 13 19 13 19 18 19 16
20
1 16 18 16 14 15 14 12 4 12 4 12 1 19 1 16 15 16 15 3
20
14 2 3 8 5 9 12 16 3 7 17 11 12 17 14 5 11 16 18 7
20
5 9 1 9 1 9 12 11 12 11 12 5 13 5 1 20 12 20 19 9
20
11 15 9 11 16 11 16 9 13 9 13 16 8 16 8 1 16 1 9 7
20
7 12 5 16 3 20 6 10 3 18 15 6 2 9 3 13 17 5 18 7
20
19 4 19 1 5 4 5 4 1 4 19 1 19 5 4 5 4 5 1 5
20
11 14 15 13 5 6 11 3 15 4 20 1 14 15 14 6 5 6 20 3
20
2 19 18 8 13 3 1 18 1 7 20 16 1 19 17 9 13 8 4 8
20
1 4 1 7 1 7 5 4 5 7 1 7 4 7 4 7 4 5 1 4
20
9 16 17 9 16 4 15 13 20 13 14 20 9 13 16 20 16 20 14 9
20
4 19 18 4 13 14 13 14 18 1 19 1 19 1 18 1 18 1 3 16
20
7 1 2 10 19 15 19 7 1 7 16 5 13 8 18 12 10 4 18 8
20
16 2 17 1 9 2 12 2 17 16 17 16 12 11 12 9 12 17 12 1
20
18 8 15 9 18 9 15 9 15 20 6 20 8 6 8 18 7 15 7 20
20
3 15 3 15 3 9 10 9 10 19 3 19 10 16 7 1 14 1 14 15
20
5 18 12 11 10 1 17 5 11 12 18 5 18 10 17 12 11 18 12 1
20
16 17 4 17 11 17 3 10 3 4 11 16 3 17 11 17 4 17 4 10
20
11 14 6 8 2 14 18 17 16 9 11 18 11 6 18 8 17 8 16 17
20
18 12 11 15 10 20 10 12 15 8 10 9 12 1 15 18 15 11 1 10
20
19 11 3 11 3 12 14 12 14 11 3 11 19 13 19 13 12 6 12 2
20
6 4 5 4 5 8 6 8 6 8 15 5 4 20 4 20 3 4 3 5
20
20 7 2 7 20 3 15 20 15 20 3 2 7 2 15 20 15 20 7 20
20
12 16 19 13 10 18 16 11 16 13 16 12 19 13 19 11 5 11 19 9
20
15 17 8 14 18 20 11 16 3 11 10 16 12 1 12 1 16 2 20 13
20
9 11 5 11 5 11 1 15 1 15 12 17 2 9 2 9 2 18 13 10
20
11 17 2 17 2 17 7 1 7 12 9 12 9 7 5 12 8 5 4 20
20
13 16 19 6 16 19 14 13 7 17 19 6 17 7 19 14 8 19 13 19
20
20 2 5 2 4 5 8 9 3 12 2 12 20 8 6 15 2 9 6 7
20
14 4 19 4 5 17 5 14 12 14 15 3 12 4 7 17 3 12 4 3
20
6 4 10 4 15 4 10 2 15 6 14 16 10 4 10 16 10 8 15 8
20
15 9 8 15 3 8 18 15 4 3 20 4 7 8 19 4 19 7 16 1
20
4 7 5 3 5 4 7 15 7 3 5 3 15 5 15 7 4 7 15 5
20
7 10 7 10 12 3 5 3 2 16 2 3 2 3 11 2 4 16 17 12
20
5 8 18 16 18 3 17 3 17 9 7 9 6 3 18 17 18 17 1 16
20
3 5 2 13 3 1 3 1 11 10 3 10 16 10 2 18 11 18 5 3
20
2 18 5 8 7 18 8 2 7 19 3 19 5 7 18 8 12 2 3 8
20
9 12 3 5 3 4 12 4 12 17 5 19 2 3 9 13 7 5 12 6
20
14 13 10 13 9 13 9 1 9 1 13 18 13 2 18 2 9 18 20 1
20
11 7 1 7 1 5 11 20 9 8 9 11 6 20 1 8 5 7 20 8
20
19 6 19 6 2 5 12 10 2 19 2 3 10 2 19 6 11 3 10 6
20
12 16 3 7 6 14 4 14 3 4 16 6 10 8 12 3 7 6 14 12
20
18 2 11 18 12 6 8 18 2 20 10 19 5 2 8 11 18 4 20 10
20
7 15 13 15 19 7 19 7 19 10 4 10 4 7 4 7 15 19 13 10
20
13 7 16 12 13 12 17 7 18 7 11 8 11 16 8 11 8 11 8 15
20
17 18 19 18 14 19 2 19 4 3 18 9 18 4 19 4 19 14 18 19
20
19 16 5 16 17 10 17 12 20 12 5 20 5 6 7 12 20 13 20 6
20
5 19 9 19 13 19 13 7 11 7 11 18 11 18 9 3 5 18 16 13
20
12 3 11 7 2 15 11 18 4 20 7 20 4 18 16 7 16 15 2 3
20
13 8 1 8 13 9 18 12 18 4 15 9 15 13 6 20 10 11 10 7
20
14 16 15 11 4 13 4 9 16 9 15 5 19 16 17 12 13 14 15 13
20
5 19 5 13 5 6 5 13 19 5 19 5 19 5 13 5 19 6 19 5
20
4 17 7 18 11 1 17 3 11 17 19 18 1 5 19 3 5 4 14 15
20
2 15 11 1 15 6 20 11 16 3 1 11 19 9 5 6 3 2 6 3
20
6 15 2 15 16 6 2 15 16 15 16 6 18 6 18 2 18 6 18 15
20
12 7 5 7 5 7 8 4 5 6 8 12 8 12 8 4 12 17 7 6
20
13 7 14 7 18 13 9 18 6 13 14 3 6 18 9 6 13 19 18 14
20
17 13 9 20 11 7 3 8 13 3 15 10 11 10 14 18 20 13 19 8
20
1 13 7 2 8 7 8 2 5 16 8 5 11 8 16 20 13 5 2 20
20
19 9 17 13 16 6 16 9 19 9 19 9 13 6 1 6 1 13 17 13
20
2 12 16 12 5 16 5 18 2 5 11 2 3 10 5 16 11 16 12 5
20
17 15 19 15 9 3 20 18 20 7 18 7 18 7 19 7 19 8 7 1
20
6 2 13 6 15 17 15 17 5 17 5 19 3 19 3 5 17 5 17 15
20
15 16 9 6 9 17 15 12 15 19 16 19 7 19 9 7 9 7 12 7
20
1 18 2 18 13 11 1 13 19 11 18 2 14 18 1 2 7 8 10 2
20
7 20 13 14 9 16 6 1 20 14 19 14 16 14 2 15 4 16 19 10
20
18 19 15 20 5 9 15 6 12 20 19 9 18 15 5 6 5 1 9 6
20
8 20 17 20 6 8 16 14 10 17 20 18 9 17 6 14 16 18 7 13
20
16 9 6 16 10 9 8 20 8 17 9 20 6 20 9 19 10 17 10 7
20
14 6 14 8 14 8 14 8 14 20 8 20 8 20 8 20 8 20 14 6
20
3 2 6 11 2 10 12 7 10 1 2 7 11 10 6 2 7 14 12 2
20
10 15 4 9 4 3 1 16 5 18 16 4 15 9 10 7 18 17 13 4
20
10 2 16 2 13 16 13 16 5 18 10 7 10 13 10 13 10 12 14 12
20
10 9 17 8 9 16 4 11 10 9 1 15 14 9 1 8 4 15 14 9
20
18 1 9 18 11 13 16 2 13 12 1 2 13 14 18 11 16 11 16 14
20
11 3 7 3 17 11 1 2 14 17 18 10 20 3 6 5 3 7 9 8
20
7 19 7 20 6 4 2 17 7 5 8 2 11 18 20 1 19 5 8 14
20
19 15 12 10 19 10 19 8 15 1 17 1 14 20 2 13 14 18 14 12
20
7 11 2 11 2 11 17 6 17 6 1 11 1 11 16 14 2 14 2 6
20
3 5 2 4 20 5 20 5 20 10 2 8 17 8 17 8 10 13 10 13
20
4 13 4 13 4 13 20 5 17 5 17 5 19 17 19 17 4 5 6 5
20
3 12 1 13 1 13 1 2 15 10 12 2 10 11 1 10 15 9 1 11
20
12 8 12 8 9 7 9 8 9 3 8 3 7 3 8 3 8 9 8 9
20
6 13 17 10 8 3 13 17 12 17 3 11 17 20 6 17 3 10 8 10
20
16 10 19 17 19 16 5 14 2 12 9 1 10 12 20 5 16 6 12 17
20
6 1 13 10 12 14 10 12 8 9 20 1 14 7 4 6 12 2 17 7
20
1 20 9 11 9 6 15 10 15 10 1 20 1 11 18 11 18 5 7 15
20
5 18 12 5 15 5 15 17 4 17 7 17 7 17 13 16 10 7 5 19
20
14 2 3 2 3 13 2 3 2 3 6 2 6 2 6 4 17 4 17 4
20
16 11 9 11 18 11 18 11 18 14 7 1 7 1 6 1 6 16 4 16
20
5 1 13 12 20 3 16 1 19 13 3 10 20 9 5 19 15 1 16 9
