73
54
29 8 54 35 46 44 38 13 19 14 52 11 16 8 39 45 54 26 25 31 54 24 26 47 54 10 33 19 14 15 46 25 8 38 16 50 16 33 39 30 38 27 49 35 47 5 44 5 13 10 3 49 21 9
54
8 41 34 15 8 41 26 8 3 8 3 13 17 13 17 6 27 6 50 41 50 41 46 17 27 46 3 15 3 15 13 15 17 46 15 46 15 46 26 41 4 27 33 4 33 4 27 15 27 41 13 41 13 41
54
43 47 18 10 52 31 51 17 26 11 35 6 36 11 26 29 37 40 35 36 37 25 48 43 24 41 38 18 9 50 44 20 49 34 49 32 31 20 40 26 24 16 14 40 24 46 19 2 10 18 5 36 5 43
54
53 43 30 45 22 45 22 35 51 25 46 25 51 35 31 5 31 5 52 3 36 47 36 24 5 30 22 2 43 2 47 18 49 18 49 51 50 51 50 17 27 7 15 7 49 15 24 49 35 15 35 27 30 27
54
10 16 45 16 45 16 39 44 39 26 39 26 32 25 32 25 3 5 40 4 43 4 43 4 33 34 33 40 53 8 31 14 31 14 31 50 36 50 16 24 16 24 28 20 13 20 13 39 8 39 8 18 44 11
54
13 9 2 9 2 9 28 46 50 23 50 19 3 19 28 24 28 3 30 3 35 19 2 50 30 50 28 9 28 9 28 13 3 50 46 50 46 9 30 23 30 2 47 29 52 29 52 29 50 46 30 46 30 46
54
54 16 38 16 50 4 50 15 25 19 25 6 30 6 23 47 23 47 23 7 33 7 33 5 1 18 35 29 7 50 5 50 5 13 40 13 40 41 29 52 4 52 4 34 15 34 14 34 14 34 21 6 21 29
54
40 34 16 21 16 38 16 36 48 36 23 9 28 9 40 2 35 48 40 16 40 26 4 28 23 28 47 17 49 8 26 8 29 8 14 35 4 50 4 41 17 41 22 20 12 51 12 21 18 34 50 37 30 34
54
12 54 42 18 6 1 38 40 49 50 42 44 51 1 30 39 35 22 54 37 33 14 35 52 51 50 35 8 6 3 10 22 38 33 25 14 44 40 30 20 1 47 39 33 3 29 6 7 15 13 52 25 20 25
54
25 5 12 46 10 21 24 38 50 37 23 36 50 23 49 30 24 23 8 41 10 51 50 18 34 42 38 22 34 5 26 32 4 31 29 31 12 46 23 22 20 6 39 36 37 39 19 25 3 40 3 32 42 46
54
2 9 40 9 40 9 26 2 44 2 44 9 16 9 16 9 15 24 15 40 2 40 2 40 16 10 44 16 44 20 44 20 24 32 33 16 30 16 30 42 13 18 8 42 8 42 8 40 44 20 40 32 40 13
54
32 8 40 1 3 5 37 51 31 6 45 17 19 16 39 20 54 6 8 37 54 4 10 18 28 5 17 21 35 49 8 41 39 3 46 3 43 7 45 27 25 53 51 11 54 2 19 47 39 8 20 14 51 1
54
41 39 41 39 21 37 33 26 33 26 8 45 52 10 12 10 12 28 38 53 25 9 14 9 14 29 13 29 9 12 9 12 22 44 51 52 51 11 26 23 50 36 13 36 13 22 2 22 2 33 53 15 28 41
54
52 10 14 4 32 19 52 25 7 52 19 25 19 13 54 21 13 8 16 14 10 21 52 7 33 35 52 16 10 25 52 4 32 16 14 4 9 52 9 7 32 33 35 49 53 32 53 13 54 9 16 10 54 9
54
31 16 53 39 15 50 53 16 45 7 33 50 54 45 33 46 37 42 15 42 9 46 7 4 36 18 1 36 38 37 39 16 43 45 39 35 38 35 43 37 9 4 54 7 43 30 28 4 43 15 44 39 43 10
54
8 32 41 32 41 51 32 51 53 41 27 23 52 49 36 28 37 29 3 6 3 6 3 11 28 14 28 14 18 14 18 14 34 22 34 22 53 12 53 22 23 22 23 41 4 43 4 43 8 4 8 2 15 43
54
47 7 34 38 23 42 40 46 29 16 46 20 24 36 4 47 42 52 48 47 9 18 22 28 36 5 15 50 33 27 11 20 38 4 12 19 47 28 38 53 42 36 29 28 9 17 47 42 25 38 10 54 12 16
54
36 42 27 31 24 33 8 1 39 50 42 13 18 39 24 4 34 30 50 22 29 44 31 41 13 22 43 17 52 47 9 33 17 30 5 18 11 50 45 36 26 44 48 4 3 39 3 54 18 42 13 7 9 44
54
25 11 7 54 41 11 51 44 37 16 11 34 16 7 51 41 16 41 44 54 25 16 37 16 49 44 37 51 49 6 25 44 6 7 34 44 7 25 51 54 6 44 49 51 49 37 41 49 20 54 51 20 41 44
54
5 22 7 1 20 23 26 31 42 10 20 38 24 12 5 1 16 21 46 23 40 6 28 9 23 6 22 42 34 17 22 28 31 21 33 11 3 46 42 26 34 40 3 13 12 46 5 54 40 16 25 19 26 23
54
19 16 41 8 29 27 43 35 45 30 9 8 37 27 16 8 9 30 27 10 37 31 27 29 31 27 29 30 9 43 45 43 31 27 35 30 16 35 43 30 16 27 41 19 37 6 8 37 41 35 31 30 16 43
54
39 4 27 20 27 20 27 39 20 11 4 39 6 11 27 4 6 4 27 39 6 51 4 27 11 27 6 20 51 20 4 51 20 27 4 27 20 39 4 39 6 20 11 39 11 4 27 6 4 27 11 39 6 20
54
36 16 53 19 53 24 22 8 16 53 36 53 34 19 50 24 50 52 50 52 19 8 34 8 53 8 36 53 36 24 8 24 13 24 13 36 13 50 13 8 53 52 19 36 8 36 8 50 8 22 8 50 34 8
54
18 10 13 27 36 27 36 6 52 6 52 36 39 36 39 36 13 27 13 19 38 7 38 7 38 7 16 15 52 1 52 1 44 16 44 39 15 39 36 18 36 2 32 2 32 2 44 19 36 39 44 30 44 53
54
51 31 5 31 5 31 5 31 5 31 50 27 50 2 51 2 51 2 27 31 51 5 31 4 5 4 5 27 50 31 4 51 50 35 51 35 51 50 5 50 5 50 31 19 27 2 19 5 51 5 50 51 50 19
54
30 27 8 25 44 40 26 40 24 40 24 50 8 50 8 50 4 28 4 44 24 44 24 44 31 2 53 50 26 50 2 30 2 30 2 34 16 34 16 28 16 15 16 15 40 8 40 27 37 27 28 2 28 2
54
46 54 11 33 7 12 11 53 10 1 39 44 21 8 20 5 54 22 42 26 49 3 14 48 17 50 26 38 44 18 17 41 22 8 46 48 23 8 36 5 16 8 41 28 6 8 51 52 33 48 1 11 40 45
54
15 24 11 32 29 49 42 15 18 48 18 41 11 41 8 39 8 13 4 28 44 19 43 11 41 11 20 11 28 11 28 37 53 20 6 47 6 18 24 45 54 30 18 26 7 26 39 30 9 43 9 12 42 18
54
36 12 37 30 12 22 12 36 12 11 36 45 36 22 37 45 6 30 12 37 6 12 45 11 12 11 6 36 37 36 22 12 30 12 6 37 11 22 37 6 36 37 22 30 22 36 22 37 22 30 6 22 12 36
54
7 49 48 28 35 32 44 8 11 8 46 40 32 40 28 39 41 50 25 18 34 1 34 40 9 49 36 49 34 27 1 47 1 36 16 36 38 1 38 27 31 3 37 8 17 4 37 23 14 23 21 10 52 10
54
44 32 14 32 27 19 21 22 38 12 38 10 29 6 12 50 12 24 34 42 34 10 13 10 32 45 32 3 35 29 53 29 1 42 1 11 21 15 29 52 34 32 10 32 24 28 24 53 13 31 41 45 54 37
54
46 24 41 11 41 39 54 39 54 46 17 46 26 33 12 45 12 26 31 5 39 35 43 35 33 6 16 40 46 27 39 27 5 44 5 17 16 17 6 45 23 45 35 43 52 46 31 12 31 12 46 45 46 45
54
44 2 30 1 8 51 34 22 47 48 51 18 7 53 6 27 50 43 42 28 49 15 48 44 34 18 42 47 41 35 36 43 16 30 7 44 34 35 15 37 36 37 34 38 26 24 52 26 40 1 24 16 24 28
54
53 3 50 3 50 3 39 3 11 3 11 53 11 20 3 20 3 39 53 39 53 21 39 31 39 21 50 21 50 53 50 53 39 53 39 53 39 53 39 20 11 20 11 20 53 50 3 21 53 21 53 11 50 3
54
50 4 50 4 18 34 18 30 47 4 15 4 18 13 17 10 6 10 31 11 31 11 21 29 21 4 45 7 45 22 46 52 22 8 30 8 20 21 20 7 21 7 29 54 29 37 15 1 20 1 27 26 8 4
54
19 49 31 51 8 15 38 54 20 11 8 48 36 34 17 32 15 48 26 18 15 41 11 49 1 48 24 7 11 35 7 27 20 46 31 13 27 40 26 54 32 1 41 1 28 38 40 52 25 49 12 20 54 48
54
47 53 36 31 9 47 45 21 54 45 9 36 23 53 32 53 47 31 47 19 23 36 21 31 32 21 32 47 54 45 47 53 47 53 9 53 23 21 36 9 23 45 19 32 19 9 32 53 31 19 36 53 36 23
55
49 28 1 28 26 48 10 3 10 46 17 26 17 7 6 1 4 13 14 10 6 10 12 13 12 14 40 14 18 16 18 41 12 3 28 54 28 6 24 35 7 35 6 18 28 18 28 32 16 17 48 17 4 1 4
55
45 50 45 19 12 6 44 36 26 51 30 4 52 37 33 37 32 48 21 4 31 46 55 49 51 6 33 30 9 51 17 46 44 15 5 32 45 4 34 44 9 19 20 15 14 54 44 45 38 20 30 21 37 5 4
55
4 15 7 47 39 41 45 17 5 14 16 19 43 46 17 1 3 22 24 46 8 28 8 5 28 14 5 49 47 55 28 27 36 28 52 16 11 19 17 26 44 24 15 45 24 41 21 55 27 55 27 26 53 20 16
55
27 8 22 41 22 52 7 27 21 8 52 33 37 7 37 21 33 41 21 7 33 7 41 21 41 37 11 22 27 22 27 37 33 37 11 41 37 11 22 33 21 33 37 27 21 52 37 22 52 37 33 27 41 52 27
55
8 12 4 47 48 36 25 36 9 11 50 29 49 47 16 47 50 29 6 32 29 3 46 25 46 33 1 33 53 3 31 11 7 43 15 35 36 23 4 38 4 28 37 28 33 49 2 12 53 12 18 43 18 41 27
55
18 29 17 29 22 5 15 36 38 46 44 36 37 24 3 9 5 3 16 44 20 23 52 30 25 40 39 48 39 36 16 8 13 4 16 48 16 10 20 10 4 2 13 18 15 42 15 35 34 49 11 49 15 5 34
55
15 14 36 52 5 6 28 20 30 42 36 21 1 48 15 42 43 15 1 18 11 28 8 40 36 7 28 29 27 47 42 11 1 38 14 35 20 6 36 18 24 47 17 28 53 34 17 15 11 28 48 47 1 11 43
55
53 17 6 34 3 47 6 52 46 52 36 55 43 1 11 37 23 27 23 35 27 17 47 35 28 22 49 24 18 51 18 38 43 1 30 52 21 29 10 16 44 16 3 13 3 35 31 35 18 15 18 39 51 9 18
55
50 5 35 5 35 14 51 18 51 18 48 51 48 51 48 18 14 18 14 18 11 43 50 27 50 6 18 6 27 3 27 51 35 51 35 51 27 48 27 11 33 14 33 14 23 11 3 43 3 14 11 51 11 51 11
55
39 30 12 30 24 21 24 30 36 30 36 12 1 12 37 52 49 51 36 8 7 38 44 43 37 43 1 3 1 7 4 7 24 16 24 8 42 45 54 52 54 30 8 30 3 43 42 10 42 3 42 6 44 38 51
55
54 17 5 17 6 43 49 54 31 54 23 42 54 12 17 26 27 4 53 17 27 47 20 6 31 51 49 53 6 51 38 34 49 6 49 55 47 23 47 12 21 44 26 51 55 6 38 51 5 43 21 47 12 33 31
55
13 45 54 40 28 40 45 40 45 7 45 7 54 40 19 48 26 13 26 13 30 51 30 20 7 39 33 39 33 40 45 48 2 48 19 35 19 35 52 39 52 23 28 7 30 7 30 34 54 34 54 26 51 26 51
55
51 11 3 52 35 33 35 33 1 3 7 3 7 24 54 24 51 11 51 11 52 28 39 28 39 11 49 22 34 54 27 46 34 46 12 14 35 14 35 9 18 10 48 10 38 10 34 22 34 51 46 3 35 36 46
55
33 11 9 31 19 47 27 36 27 47 27 43 23 46 31 46 3 12 55 12 1 16 36 17 24 36 43 23 39 9 36 17 36 17 30 17 15 33 1 3 37 39 20 24 11 54 11 15 3 34 25 16 42 53 43
55
54 40 10 20 23 20 23 32 52 20 52 23 4 23 4 23 54 9 10 40 10 40 10 54 48 54 48 23 10 23 10 9 37 4 31 4 31 4 48 35 48 10 54 10 54 10 48 14 48 14 13 23 13 23 20
55
33 44 42 45 3 22 50 46 48 18 11 47 5 2 10 19 12 6 3 49 21 1 51 8 1 7 3 42 21 51 50 46 36 18 24 19 37 16 47 25 39 8 42 8 15 38 1 33 11 3 13 7 39 52 32
55
50 40 48 27 21 27 30 28 36 25 13 1 28 48 26 9 10 38 22 31 32 29 36 10 18 31 18 47 7 26 19 36 32 50 40 42 3 40 36 50 30 5 8 5 54 40 38 54 13 26 8 41 17 28 3
55
32 48 39 43 9 43 9 3 32 3 32 3 52 53 52 53 52 48 36 31 32 31 32 31 37 36 11 43 11 43 15 4 47 4 47 52 31 52 31 7 43 7 43 7 39 7 39 31 52 31 52 14 11 14 11
55
36 1 21 19 21 19 38 50 38 10 22 3 39 46 6 46 6 2 45 36 21 34 49 14 6 14 19 51 38 51 38 51 6 36 6 53 18 38 50 38 50 38 1 8 1 8 47 4 47 4 47 36 49 55 21
55
10 13 22 36 22 36 35 13 35 4 33 4 35 15 35 20 4 20 13 4 36 31 15 31 36 20 4 20 4 31 12 31 35 13 22 33 10 36 10 35 4 35 20 31 20 13 20 52 4 13 12 36 10 36 12
55
15 34 21 34 43 5 21 5 36 32 36 10 22 15 22 36 23 36 5 31 5 23 34 23 34 36 34 23 31 15 10 28 43 28 31 15 5 43 5 23 22 20 22 31 32 15 32 28 34 32 34 32 36 43 21
55
29 24 55 37 50 38 5 37 54 1 32 17 42 29 14 18 5 14 34 15 39 32 24 42 34 3 10 15 55 42 48 6 12 37 20 10 8 14 30 4 45 44 26 55 32 26 4 1 25 26 42 39 11 12 45
55
53 27 25 41 1 55 10 25 21 17 41 16 25 43 16 13 55 2 11 19 6 40 19 17 1 25 30 43 6 18 30 3 26 48 43 45 11 43 32 6 40 50 51 9 12 1 50 49 13 31 1 24 42 16 1
55
39 54 55 54 55 33 34 33 34 53 9 53 9 26 6 26 6 48 20 48 20 19 20 19 20 40 6 40 45 26 45 26 41 34 41 34 43 34 43 34 45 9 18 9 18 24 31 24 43 31 43 20 45 20 45
55
29 41 48 41 48 41 29 15 29 15 29 30 51 45 30 43 30 43 19 6 19 10 51 10 51 6 51 6 51 43 19 25 10 25 44 23 44 23 15 25 15 25 19 43 19 10 41 23 27 6 27 45 20 45 19
55
19 29 32 29 32 29 19 26 19 13 12 19 44 19 33 13 35 51 35 12 19 12 35 51 35 51 22 19 51 22 10 54 10 5 19 35 19 26 33 26 12 32 44 54 44 54 5 54 32 47 32 47 26 32 13
55
33 12 46 53 1 2 19 2 19 26 46 42 34 36 8 42 8 6 18 36 26 53 5 6 8 46 55 18 6 26 42 46 5 32 33 51 36 55 9 46 34 51 54 21 19 5 32 54 4 22 8 45 36 54 8
55
38 6 39 24 1 52 2 6 42 1 46 50 39 38 37 25 5 22 44 37 41 47 34 44 42 10 6 27 34 23 50 23 52 54 16 54 14 44 37 30 16 49 32 2 29 35 9 16 3 22 28 5 30 50 9
55
18 46 45 11 31 24 27 17 27 17 39 52 46 43 46 43 54 18 31 18 31 47 28 47 27 45 27 7 8 7 8 39 8 45 8 45 39 41 39 41 39 47 39 47 52 55 52 17 5 17 5 27 4 27 39
55
42 52 36 26 37 15 21 26 15 37 55 29 21 30 38 27 39 11 16 11 3 4 7 42 25 48 4 45 16 17 30 5 1 15 49 1 47 53 2 20 48 55 23 39 4 28 30 39 30 45 3 53 1 36 4
55
35 53 35 53 32 22 32 15 40 15 25 26 25 35 42 16 55 49 16 33 16 54 45 33 45 55 49 36 16 49 22 40 32 21 32 26 36 25 9 42 26 42 46 49 46 3 30 11 30 53 25 53 11 3 36
55
27 26 42 16 28 36 17 9 25 9 25 9 33 30 33 30 33 37 31 38 14 38 14 38 28 40 28 6 31 6 31 6 17 16 45 35 45 35 14 5 14 5 6 52 6 52 6 14 17 12 29 12 49 8 49
55
24 26 31 55 42 30 7 30 25 38 1 38 1 38 42 45 30 45 32 52 7 2 7 2 22 41 22 41 34 15 6 7 21 43 21 43 21 10 38 10 38 45 19 45 9 20 4 20 3 54 38 54 38 54 41
55
36 32 35 28 38 32 33 44 55 29 12 33 54 16 27 19 24 5 51 1 31 53 32 27 16 4 46 17 26 14 1 44 37 49 22 18 31 50 47 49 47 13 5 38 12 22 15 9 45 20 32 22 47 8 30
55
30 47 15 28 50 38 49 16 30 46 35 52 47 25 16 44 22 17 19 8 45 23 19 1 41 23 53 19 16 5 27 48 19 44 32 1 14 19 38 15 27 47 42 44 54 35 47 45 14 45 23 7 21 28 17
55
31 30 10 30 1 30 31 21 31 46 1 11 40 14 31 37 25 31 41 34 11 10 11 5 31 37 48 10 55 25 43 11 43 5 39 5 28 46 31 46 28 39 49 13 49 36 37 27 48 40 36 40 11 55 11
