59
67
66 49 66 49 66 49 50 66 49 62 44 62 44 2 62 44 28 18 28 18 65 28 18 11 38 11 38 51 11 38 32 1 32 1 63 32 1 42 21 42 21 54 42 21 14 53 14 53 16 14 53 9 15 9 15 5 9 15 40 30 40 30 35 40 30 31 59
67
45 54 45 54 45 54 27 45 54 9 63 9 63 59 9 63 24 12 24 12 1 24 12 66 60 66 60 47 66 60 36 46 36 46 32 36 46 58 28 58 28 20 58 28 31 50 31 50 41 31 50 35 56 35 56 13 35 56 4 34 4 34 44 4 34 8 37
67
62 10 62 10 62 10 20 62 10 23 48 23 48 21 23 48 44 35 44 35 22 44 35 18 67 18 67 7 18 67 65 8 65 8 36 65 8 4 59 4 59 57 4 59 28 31 28 31 43 28 31 30 53 30 53 11 30 53 64 13 64 13 5 64 13 24 1
67
12 63 12 63 12 63 39 12 63 37 54 37 54 38 37 54 55 48 55 48 56 55 48 64 49 64 49 27 64 49 34 51 34 51 31 34 51 7 59 7 59 10 7 59 21 25 21 25 58 21 25 23 3 23 3 32 23 3 4 15 4 15 1 4 15 17 26
67
22 12 22 12 22 12 43 22 12 61 62 61 62 33 61 62 15 46 15 46 32 15 46 1 37 1 37 53 1 37 18 35 18 35 20 18 35 6 63 6 63 13 6 63 8 48 8 48 31 8 48 16 57 16 57 64 16 57 14 24 14 24 28 14 24 60 30
67
50 41 50 41 50 41 60 50 41 27 7 27 7 62 27 7 65 17 65 17 53 65 17 13 15 13 15 20 13 15 58 61 58 61 24 58 61 63 26 63 26 49 63 26 40 42 40 42 12 40 42 28 64 28 64 44 28 64 19 33 19 33 32 19 33 14 51
67
41 64 41 64 41 64 3 41 64 21 27 21 27 25 21 27 40 15 40 15 10 40 15 6 14 6 14 22 6 14 60 44 60 44 42 60 44 65 56 65 56 67 65 56 12 54 12 54 5 12 54 2 29 2 29 31 2 29 61 9 61 9 39 61 9 48 8
67
59 37 59 37 59 37 10 59 37 27 54 27 54 39 27 54 22 65 22 65 45 22 65 50 17 50 17 4 50 17 16 52 16 52 24 16 52 28 60 28 60 67 28 60 13 55 13 55 63 13 55 48 44 48 44 21 48 44 41 53 41 53 20 41 53 18 66
67
1 3 1 3 1 3 16 1 3 24 46 24 46 5 24 46 63 59 63 59 8 63 59 51 13 51 13 38 51 13 47 23 47 23 15 47 23 66 33 66 33 34 66 33 45 40 45 40 54 45 40 6 29 6 29 67 6 29 55 37 55 37 42 55 37 27 14
67
57 39 57 39 57 39 51 57 39 65 3 65 3 26 65 3 6 24 6 24 48 6 24 34 35 34 35 53 34 35 30 25 30 25 10 30 25 67 59 67 59 12 67 59 11 54 11 54 41 11 54 52 45 52 45 19 52 45 44 32 44 32 43 44 32 47 55
67
1 13 1 13 1 13 62 1 13 59 51 59 51 14 59 51 36 7 36 7 44 36 7 30 22 30 22 20 30 22 9 23 9 23 19 9 23 49 48 49 48 40 49 48 32 5 32 5 60 32 5 24 66 24 66 3 24 66 56 34 56 34 16 56 34 35 50
67
32 12 32 12 32 12 39 32 12 28 56 28 56 4 28 56 67 27 67 27 19 67 27 33 47 33 47 5 33 47 44 49 44 49 23 44 49 48 20 48 20 57 48 20 38 66 38 66 62 38 66 14 11 14 11 8 14 11 42 15 42 15 31 42 15 17 43
67
16 14 16 14 16 14 7 16 14 55 48 55 48 5 55 48 60 45 60 45 40 60 45 37 27 37 27 20 37 27 50 18 50 18 31 50 18 2 47 2 47 63 2 47 49 57 49 57 66 49 57 38 29 38 29 25 38 29 28 58 28 58 23 28 58 26 53
67
17 58 17 58 17 58 14 17 58 36 5 36 5 15 36 5 26 65 26 65 40 26 65 54 30 54 30 3 54 30 43 32 43 32 38 43 32 9 37 9 37 49 9 37 53 42 53 42 1 53 42 45 56 45 56 66 45 56 18 11 18 11 35 18 11 34 50
67
18 20 18 20 18 20 40 18 20 25 37 25 37 36 25 37 46 63 46 63 55 46 63 51 24 51 24 67 51 24 59 3 59 3 48 59 3 27 50 27 50 17 27 50 21 39 21 39 64 21 39 23 65 23 65 19 23 65 29 28 29 28 41 29 28 22 38
67
7 11 7 11 7 11 60 7 11 2 15 2 15 51 2 15 27 18 27 18 5 27 18 21 43 21 43 4 21 43 53 40 53 40 28 53 40 9 10 9 10 63 9 10 64 38 64 38 3 64 38 55 50 55 50 30 55 50 8 20 8 20 26 8 20 42 67
67
29 66 29 66 29 66 35 29 66 5 17 5 17 58 5 17 18 38 18 38 52 18 38 8 67 8 67 64 8 67 23 16 23 16 13 23 16 9 44 9 44 24 9 44 27 54 27 54 63 27 54 55 20 55 20 10 55 20 50 37 50 37 51 50 37 57 1
67
27 10 27 10 27 10 54 27 10 29 18 29 18 12 29 18 14 9 14 9 43 14 9 35 55 35 55 21 35 55 11 39 11 39 49 11 39 2 34 2 34 52 2 34 15 56 15 56 7 15 56 57 42 57 42 61 57 42 6 45 6 45 63 6 45 23 17
67
31 21 31 21 31 21 48 31 21 28 45 28 45 46 28 45 49 66 49 66 26 49 66 67 14 67 14 23 67 14 12 29 12 29 18 12 29 17 9 17 9 24 17 9 10 62 10 62 59 10 62 50 64 50 64 1 50 64 11 34 11 34 6 11 34 39 47
67
16 22 16 22 16 22 11 16 22 29 56 29 56 48 29 56 61 35 61 35 43 61 35 1 58 1 58 44 1 58 8 52 8 52 10 8 52 62 40 62 40 46 62 40 3 38 3 38 18 3 38 47 23 47 23 57 47 23 28 17 28 17 60 28 17 32 45
67
44 2 44 2 44 2 23 44 2 59 46 59 46 13 59 46 67 50 67 50 3 67 50 20 22 20 22 8 20 22 53 61 53 61 66 53 61 54 31 54 31 15 54 31 57 58 57 58 49 57 58 33 17 33 17 7 33 17 29 14 29 14 32 29 14 21 25
67
60 16 60 16 60 16 28 60 16 32 17 32 17 31 32 17 3 4 3 4 65 3 4 14 53 14 53 29 14 53 55 58 55 58 44 55 58 61 36 61 36 54 61 36 13 30 13 30 25 13 30 33 20 33 20 46 33 20 62 22 62 22 57 62 22 35 39
67
51 53 51 53 51 53 54 51 53 40 24 40 24 10 40 24 13 60 13 60 49 13 60 9 64 9 64 22 9 64 17 39 17 39 45 17 39 47 65 47 65 6 47 65 50 16 50 16 37 50 16 15 18 15 18 12 15 18 26 66 26 66 23 26 66 36 43
67
3 56 3 56 3 56 12 3 56 17 49 17 49 63 17 49 23 40 23 40 64 23 40 16 7 16 7 61 16 7 33 32 33 32 36 33 32 52 1 52 1 28 52 1 18 21 18 21 58 18 21 41 54 41 54 5 41 54 8 48 8 48 26 8 48 20 30
67
64 26 64 26 64 26 65 64 26 31 41 31 41 4 31 41 44 9 44 9 67 44 9 15 57 15 57 32 15 57 16 63 16 63 36 16 63 46 34 46 34 14 46 34 6 45 6 45 54 6 45 18 37 18 37 8 18 37 27 11 27 11 59 27 11 12 40
67
1 43 1 43 1 43 51 1 43 12 63 12 63 16 12 63 40 38 40 38 10 40 38 29 14 29 14 31 29 14 42 49 42 49 26 42 49 8 30 8 30 37 8 30 5 34 5 34 19 5 34 4 59 4 59 62 4 59 22 39 22 39 61 22 39 52 11
68
22 65 22 65 22 65 28 22 65 11 7 11 7 53 11 7 40 45 40 45 30 40 45 55 39 55 39 63 55 39 5 46 5 46 57 5 46 38 47 38 47 12 38 47 15 23 15 23 67 15 23 35 19 35 19 32 35 19 49 61 49 61 62 49 61 18 60 8
68
29 57 29 57 29 57 46 29 57 20 11 20 11 25 20 11 49 15 49 15 36 49 15 59 5 59 5 62 59 5 10 31 10 31 56 10 31 40 39 40 39 44 40 39 65 61 65 61 21 65 61 23 6 23 6 17 23 6 63 33 63 33 41 63 33 51 45 27
68
13 23 13 23 13 23 33 13 23 39 62 39 62 38 39 62 63 10 63 10 17 63 10 22 47 22 47 9 22 47 8 20 8 20 26 8 20 42 29 42 29 31 42 29 14 36 14 36 50 14 36 1 3 1 3 67 1 3 7 34 7 34 30 7 34 15 4 18
68
13 43 13 43 13 43 16 13 43 6 53 6 53 27 6 53 62 34 62 34 18 62 34 1 24 1 24 30 1 24 66 57 66 57 20 66 57 48 67 48 67 10 48 67 47 11 47 11 26 47 11 31 55 31 55 17 31 55 8 56 8 56 33 8 56 2 54 41
68
25 30 25 30 25 30 56 25 30 60 12 60 12 54 60 12 22 20 22 20 44 22 20 24 10 24 10 18 24 10 14 64 14 64 68 14 64 15 48 15 48 35 15 48 1 26 1 26 2 1 26 34 29 34 29 21 34 29 31 19 31 19 5 31 19 55 37 6
68
2 28 2 28 2 28 36 2 28 64 62 64 62 63 64 62 18 68 18 68 66 18 68 17 34 17 34 43 17 34 53 44 53 44 31 53 44 61 45 61 45 5 61 45 55 51 55 51 6 55 51 26 42 26 42 59 26 42 39 67 39 67 49 39 67 47 15 14
68
56 26 56 26 56 26 62 56 26 1 38 1 38 49 1 38 68 9 68 9 13 68 9 37 19 37 19 22 37 19 24 48 24 48 30 24 48 40 2 40 2 16 40 2 5 43 5 43 36 5 43 35 15 35 15 58 35 15 4 59 4 59 64 4 59 32 14 41
68
31 1 31 1 31 1 32 31 1 26 54 26 54 58 26 54 68 62 68 62 30 68 62 23 5 23 5 22 23 5 7 55 7 55 40 7 55 14 48 14 48 37 14 48 13 66 13 66 36 13 66 44 56 44 56 45 44 56 24 28 24 28 17 24 28 41 20 33
68
6 10 6 10 6 10 41 6 10 52 68 52 68 29 52 68 28 46 28 46 38 28 46 48 37 48 37 57 48 37 22 55 22 55 40 22 55 31 1 31 1 42 31 1 36 16 36 16 33 36 16 15 50 15 50 21 15 50 3 4 3 4 26 3 4 51 49 54
68
6 15 6 15 6 15 43 6 15 62 16 62 16 58 62 16 13 2 13 2 12 13 2 29 55 29 55 50 29 55 66 23 66 23 32 66 23 38 48 38 48 57 38 48 53 39 53 39 41 53 39 60 19 60 19 51 60 19 49 47 49 47 9 49 47 65 63 45
68
13 46 13 46 13 46 31 13 46 48 60 48 60 53 48 60 27 16 27 16 38 27 16 17 7 17 7 29 17 7 35 18 35 18 40 35 18 25 1 25 1 52 25 1 3 23 3 23 6 3 23 36 32 36 32 34 36 32 66 43 66 43 24 66 43 14 50 41
68
34 30 34 30 34 30 5 34 30 57 28 57 28 6 57 28 31 27 31 27 47 31 27 65 11 65 11 23 65 11 60 18 60 18 56 60 18 22 54 22 54 42 22 54 66 51 66 51 16 66 51 32 7 32 7 48 32 7 50 43 50 43 68 50 43 38 2 13
68
23 58 23 58 23 58 56 23 58 65 20 65 20 3 65 20 37 63 37 63 9 37 63 2 49 2 49 26 2 49 25 12 25 12 4 25 12 51 32 51 32 36 51 32 13 29 13 29 47 13 29 44 42 44 42 45 44 42 40 38 40 38 34 40 38 54 41 31
68
60 29 60 29 60 29 68 60 29 17 10 17 10 5 17 10 1 56 1 56 6 1 56 61 13 61 13 26 61 13 39 59 39 59 19 39 59 28 35 28 35 64 28 35 4 32 4 32 53 4 32 2 43 2 43 12 2 43 25 31 25 31 9 25 31 34 11 62
68
6 36 6 36 6 36 18 6 36 61 55 61 55 3 61 55 49 43 49 43 42 49 43 56 7 56 7 25 56 7 13 35 13 35 32 13 35 11 46 11 46 10 11 46 20 60 20 60 29 20 60 4 5 4 5 23 4 5 44 14 44 14 39 44 14 65 27 41
68
47 53 47 53 47 53 9 47 53 56 44 56 44 6 56 44 40 15 40 15 26 40 15 51 61 51 61 42 51 61 66 27 66 27 68 66 27 54 34 54 34 46 54 34 39 32 39 32 43 39 32 60 67 60 67 49 60 67 7 20 7 20 57 7 20 5 28 29
68
39 8 39 8 39 8 37 39 8 28 2 28 2 56 28 2 25 29 25 29 63 25 29 6 49 6 49 17 6 49 14 10 14 10 13 14 10 52 62 52 62 22 52 62 61 64 61 64 32 61 64 31 21 31 21 58 31 21 60 30 60 30 27 60 30 20 46 4
68
21 51 21 51 21 51 14 21 51 53 15 53 15 18 53 15 54 55 54 55 66 54 55 65 6 65 6 42 65 6 61 40 61 40 22 61 40 13 48 13 48 38 13 48 45 39 45 39 68 45 39 8 23 8 23 41 8 23 49 43 49 43 63 49 43 16 64 3
68
9 27 9 27 9 27 56 9 27 6 68 6 68 3 6 68 65 55 65 55 23 65 55 13 33 13 33 48 13 33 37 12 37 12 18 37 12 1 60 1 60 58 1 60 63 42 63 42 21 63 42 2 16 2 16 25 2 16 34 43 34 43 46 34 43 31 14 52
68
36 8 36 8 36 8 48 36 8 35 1 35 1 39 35 1 52 56 52 56 57 52 56 9 34 9 34 53 9 34 61 63 61 63 42 61 63 55 25 55 25 14 55 25 41 40 41 40 62 41 40 10 37 10 37 17 10 37 20 27 20 27 7 20 27 28 29 65
68
52 66 52 66 52 66 22 52 66 3 58 3 58 33 3 58 12 4 12 4 49 12 4 38 23 38 23 11 38 23 57 39 57 39 24 57 39 32 18 32 18 10 32 18 37 44 37 44 56 37 44 59 16 59 16 28 59 16 48 34 48 34 41 48 34 8 19 15
68
46 37 46 37 46 37 41 46 37 22 58 22 58 10 22 58 36 55 36 55 19 36 55 33 2 33 2 47 33 2 8 12 8 12 29 8 12 28 1 28 1 38 28 1 14 3 14 3 52 14 3 9 57 9 57 26 9 57 40 64 40 64 31 40 64 24 15 30
68
24 62 24 62 24 62 47 24 62 45 26 45 26 44 45 26 1 67 1 67 61 1 67 63 56 63 56 21 63 56 59 33 59 33 66 59 33 65 13 65 13 49 65 13 15 51 15 51 25 15 51 36 4 36 4 16 36 4 37 55 37 55 12 37 55 40 52 7
68
58 39 58 39 58 39 50 58 39 56 6 56 6 43 56 6 48 34 48 34 63 48 34 31 17 31 17 33 31 17 53 8 53 8 25 53 8 15 49 15 49 47 15 49 61 4 61 4 12 61 4 2 35 2 35 7 2 35 27 67 27 67 23 27 67 45 65 44
68
39 46 39 46 39 46 22 39 46 13 18 13 18 44 13 18 19 47 19 47 61 19 47 25 2 25 2 14 25 2 42 30 42 30 23 42 30 57 17 57 17 36 57 17 65 59 65 59 56 65 59 4 48 4 48 38 4 48 53 6 53 6 49 53 6 11 63 21
68
25 55 25 55 25 55 39 25 55 17 31 17 31 12 17 31 7 6 7 6 64 7 6 63 58 63 58 22 63 58 3 36 3 36 24 3 36 10 19 10 19 57 10 19 52 20 52 20 61 52 20 59 56 59 56 29 59 56 38 51 38 51 47 38 51 49 45 13
68
15 52 15 52 15 52 57 15 52 5 37 5 37 22 5 37 13 3 13 3 12 13 3 58 11 58 11 28 58 11 34 55 34 55 51 34 55 7 64 7 64 63 7 64 46 1 46 1 53 46 1 21 43 21 43 20 21 43 33 62 33 62 44 33 62 27 42 47
68
45 8 45 8 45 8 63 45 8 65 19 65 19 62 65 19 58 15 58 15 14 58 15 16 20 16 20 41 16 20 36 67 36 67 54 36 67 53 25 53 25 6 53 25 33 3 33 3 56 33 3 39 28 39 28 23 39 28 13 30 13 30 11 13 30 66 55 27
68
21 53 21 53 21 53 7 21 53 57 59 57 59 25 57 59 17 58 17 58 5 17 58 41 34 41 34 14 41 34 8 19 8 19 46 8 19 1 13 1 13 60 1 13 56 15 56 15 52 56 15 11 63 11 63 16 11 63 12 3 12 3 24 12 3 65 27 51
68
46 51 46 51 46 51 8 46 51 25 19 25 19 43 25 19 49 17 49 17 9 49 17 59 15 59 15 54 59 15 57 68 57 68 42 57 68 29 64 29 64 26 29 64 10 48 10 48 40 10 48 2 35 2 35 34 2 35 23 65 23 65 20 23 65 22 52 18
68
68 27 68 27 68 27 25 68 27 37 30 37 30 9 37 30 44 6 44 6 4 44 6 60 22 60 22 20 60 22 52 8 52 8 35 52 8 51 29 51 29 58 51 29 10 55 10 55 1 10 55 2 32 2 32 13 2 32 31 21 31 21 14 31 21 48 41 54
68
11 9 11 9 11 9 58 11 9 24 21 24 21 62 24 21 43 6 43 6 8 43 6 67 18 67 18 22 67 18 47 32 47 32 1 47 32 33 2 33 2 3 33 2 61 13 61 13 19 61 13 4 50 4 50 55 4 50 59 39 59 39 49 59 39 15 20 7
68
6 55 6 55 6 55 56 6 55 36 58 36 58 27 36 58 26 5 26 5 49 26 5 42 48 42 48 66 42 48 20 62 20 62 29 20 62 2 1 2 1 8 2 1 37 23 37 23 45 37 23 50 61 50 61 51 50 61 3 57 3 57 9 3 57 65 33 44
