182
21
13 5 19 4 19 14 9 1 5 7 9 18 20 11 20 11 1 20 11 20 11
21
11 3 21 5 6 3 11 6 9 17 1 10 18 21 18 21 1 18 21 18 21
21
8 19 12 17 20 21 4 2 10 6 1 9 2 11 2 11 1 2 11 2 11
21
2 1 19 7 10 18 20 12 17 20 5 10 15 6 15 6 1 15 6 15 6
21
13 18 5 3 21 8 21 14 18 13 5 14 8 6 8 6 1 8 6 8 6
21
14 9 12 19 21 13 1 7 21 12 9 7 3 20 3 20 1 3 20 3 20
21
3 2 18 10 7 1 2 10 13 3 7 15 18 5 18 5 1 18 5 18 5
21
13 9 16 13 17 8 3 16 4 13 9 19 15 10 15 10 1 15 10 15 10
21
18 15 13 17 21 8 11 18 2 10 12 4 11 19 11 19 1 11 19 11 19
21
2 3 16 9 3 16 20 4 16 5 6 14 13 20 13 20 1 13 20 13 20
21
13 18 1 8 5 16 3 8 4 10 3 6 21 7 21 7 1 21 7 21 7
21
5 1 16 14 10 20 9 10 6 9 3 17 8 5 8 5 1 8 5 8 5
21
6 9 14 12 8 16 17 13 2 13 3 12 15 7 15 7 1 15 7 15 7
21
4 12 18 17 11 7 16 2 19 14 17 19 1 2 1 2 3 1 2 1 2
21
9 17 3 14 20 2 10 17 7 15 21 6 13 16 13 16 1 13 16 13 16
21
18 3 18 8 21 13 9 4 17 5 10 5 2 20 2 20 1 2 20 2 20
21
10 18 3 6 3 9 15 8 2 10 20 6 16 20 16 20 1 16 20 16 20
22
11 14 4 22 12 3 2 18 2 8 16 12 1 8 16 8 16 1 8 16 8 16
22
2 8 11 18 16 7 15 6 17 11 2 1 5 20 9 20 9 1 20 9 20 9
22
20 22 21 2 17 5 14 20 9 22 20 4 2 14 3 14 3 1 14 3 14 3
22
10 17 1 19 11 9 18 4 20 21 11 17 15 1 7 1 7 2 1 7 1 7
22
22 16 14 19 7 11 3 20 11 5 7 17 12 18 6 18 6 1 18 6 18 6
22
16 22 8 21 19 21 17 20 2 22 16 3 15 21 18 21 18 1 21 18 21 18
22
14 10 20 2 15 17 20 1 16 10 12 16 1 21 16 21 16 1 21 16 21 16
22
10 15 4 21 17 12 9 11 4 11 1 11 6 15 20 15 20 1 15 20 15 20
22
3 11 10 8 7 11 18 8 4 21 15 2 17 13 17 13 17 1 13 17 13 17
22
6 18 4 3 17 5 10 11 13 9 17 12 22 20 14 20 14 1 20 14 20 14
22
13 19 11 16 13 6 4 1 10 1 7 13 3 21 5 21 5 1 21 5 21 5
22
17 5 2 5 22 11 10 17 16 12 4 3 12 21 14 21 14 1 21 14 21 14
22
5 18 16 6 12 20 6 21 12 19 20 19 18 15 17 15 17 1 15 17 15 17
22
10 9 11 2 5 20 11 21 8 20 14 8 22 21 6 21 6 1 21 6 21 6
22
18 2 22 10 15 2 19 22 8 19 9 8 7 9 21 9 21 1 9 21 9 21
22
17 3 14 7 16 3 15 13 18 1 20 16 20 2 13 2 13 1 2 13 2 13
22
2 21 14 20 10 15 22 5 13 2 13 18 7 12 17 12 17 1 12 17 12 17
22
5 18 3 16 4 2 9 2 16 5 12 7 2 14 5 14 5 1 14 5 14 5
22
15 3 15 2 19 1 5 18 10 22 12 9 11 1 16 1 16 2 1 16 1 16
22
6 4 10 3 15 10 20 21 22 8 5 13 21 16 12 16 12 1 16 12 16 12
22
2 3 7 8 1 12 16 3 16 14 19 15 4 12 13 12 13 1 12 13 12 13
22
13 1 22 13 16 21 4 18 8 16 3 9 17 3 16 3 16 1 3 16 3 16
22
14 17 14 21 2 3 7 16 7 22 3 1 9 3 19 3 19 1 3 19 3 19
22
18 4 12 15 10 19 17 7 3 16 5 15 5 11 9 11 9 1 11 9 11 9
22
11 7 16 15 10 15 9 3 6 20 19 7 12 16 22 16 22 1 16 22 16 22
22
10 9 13 1 17 22 19 20 18 19 17 1 14 3 19 3 19 1 3 19 3 19
22
10 18 19 10 2 18 15 5 7 16 19 6 18 21 5 21 5 1 21 5 21 5
22
15 17 7 17 12 20 11 5 14 11 20 8 9 22 10 22 10 1 22 10 22 10
22
5 15 18 1 15 9 11 14 5 19 7 16 19 18 16 18 16 1 18 16 18 16
22
17 21 20 7 16 19 12 1 21 14 20 2 10 20 2 20 2 1 20 2 20 2
22
21 8 14 22 20 17 16 21 2 22 5 7 1 13 3 13 3 1 13 3 13 3
22
13 17 10 14 16 14 19 1 7 21 5 2 11 19 7 19 7 1 19 7 19 7
22
7 14 21 15 4 8 16 2 8 7 6 19 7 11 6 11 6 1 11 6 11 6
22
21 7 21 17 6 3 22 18 6 9 21 6 8 12 9 12 9 1 12 9 12 9
22
22 7 21 19 20 13 1 6 16 22 2 14 16 10 19 10 19 1 10 19 10 19
22
2 4 3 5 1 21 8 16 22 3 15 18 21 8 5 8 5 1 8 5 8 5
22
18 14 17 3 6 18 22 19 21 22 1 22 11 7 20 7 20 1 7 20 7 20
22
20 17 2 20 14 1 16 2 1 3 19 10 18 16 21 16 21 1 16 21 16 21
22
2 9 15 8 5 11 21 4 14 22 13 3 9 17 5 17 5 1 17 5 17 5
22
20 10 19 17 19 12 7 1 12 18 6 5 18 15 14 15 14 1 15 14 15 14
22
11 15 22 17 11 21 6 18 2 8 13 8 3 16 6 16 6 1 16 6 16 6
22
4 1 18 5 13 12 8 13 21 3 7 5 2 6 1 6 1 2 6 1 6 1
22
10 20 9 8 20 15 12 10 3 21 14 5 12 6 4 6 4 1 6 4 6 4
22
2 14 8 16 20 18 17 8 5 22 11 2 5 7 9 7 9 1 7 9 7 9
22
21 2 7 9 7 21 18 20 16 18 21 9 12 2 10 2 10 1 2 10 2 10
22
9 16 19 13 15 20 1 10 2 5 3 1 15 12 16 12 16 1 12 16 12 16
22
16 2 9 5 17 3 10 22 19 5 15 20 6 15 18 15 18 1 15 18 15 18
22
16 15 11 10 1 3 12 4 15 19 5 7 12 15 7 15 7 1 15 7 15 7
22
8 19 5 7 22 14 3 5 12 17 14 7 3 18 20 18 20 1 18 20 18 20
22
19 3 6 9 11 7 17 4 12 15 22 3 1 5 6 5 6 1 5 6 5 6
22
6 14 3 12 21 15 2 10 15 10 12 2 6 4 19 4 19 1 4 19 4 19
22
10 11 5 4 15 19 7 11 1 11 19 9 11 22 7 22 7 1 22 7 22 7
22
7 14 10 5 11 18 6 21 10 5 14 12 16 19 15 19 15 1 19 15 19 15
22
16 8 3 1 2 3 12 4 15 10 20 9 7 12 2 12 2 1 12 2 12 2
22
14 7 9 11 10 5 8 5 10 9 3 6 9 13 8 13 8 1 13 8 13 8
22
13 10 15 11 12 19 11 5 18 12 4 16 7 12 2 12 2 1 12 2 12 2
22
5 16 6 18 21 10 1 18 10 3 4 5 15 18 9 18 9 1 18 9 18 9
22
8 16 1 21 9 3 15 20 10 12 4 20 12 22 18 22 18 1 22 18 22 18
22
17 4 20 11 9 7 17 11 6 12 3 8 1 15 18 15 18 1 15 18 15 18
22
8 12 21 20 9 13 16 7 1 14 10 8 20 17 1 17 1 2 17 1 17 1
22
3 1 19 8 7 11 4 13 11 22 9 5 15 22 5 22 5 1 22 5 22 5
22
12 20 6 16 2 22 6 19 20 11 12 9 15 22 6 22 6 1 22 6 22 6
22
13 1 15 9 5 15 12 14 10 6 4 7 22 9 10 9 10 1 9 10 9 10
22
18 16 2 20 16 21 5 7 14 8 3 6 20 9 12 9 12 1 9 12 9 12
22
21 7 2 20 15 20 6 17 14 3 21 17 10 6 16 6 16 1 6 16 6 16
22
5 17 14 16 2 12 4 8 11 20 12 1 7 11 16 11 16 1 11 16 11 16
22
16 20 21 10 9 15 22 2 16 4 20 17 9 22 10 22 10 1 22 10 22 10
22
10 12 5 22 20 2 4 16 5 19 21 20 19 21 3 21 3 1 21 3 21 3
22
16 9 22 19 4 16 6 17 2 8 9 14 4 17 21 17 21 1 17 21 17 21
22
10 9 11 2 4 18 14 16 15 4 13 5 12 8 12 8 12 1 8 12 8 12
22
6 2 3 10 9 1 3 15 22 10 9 3 2 19 16 19 16 1 19 16 19 16
22
10 17 18 3 13 17 22 13 20 18 19 20 4 9 20 9 20 1 9 20 9 20
22
12 13 11 16 15 6 4 2 16 17 20 3 1 21 6 21 6 1 21 6 21 6
22
18 6 22 8 17 16 17 19 21 13 5 17 14 18 14 18 14 1 18 14 18 14
22
13 19 1 20 15 2 8 11 16 12 2 16 15 6 12 6 12 1 6 12 6 12
22
21 10 6 20 9 22 3 16 8 13 3 20 22 11 20 11 20 1 11 20 11 20
22
8 9 8 2 12 7 20 22 8 4 6 18 19 20 16 20 16 1 20 16 20 16
22
9 5 4 8 22 2 1 8 15 5 11 20 13 9 21 9 21 1 9 21 9 21
22
21 13 1 19 18 4 15 16 15 8 16 22 5 21 15 21 15 1 21 15 21 15
22
11 16 9 16 3 16 5 8 18 17 12 16 5 13 5 13 5 1 13 5 13 5
22
19 16 20 15 19 12 17 12 21 19 7 13 12 4 2 4 2 1 4 2 4 2
22
20 16 10 2 6 14 19 6 18 17 10 5 4 12 4 12 4 1 12 4 12 4
22
7 12 17 10 8 3 4 20 17 12 9 12 19 5 15 5 15 1 5 15 5 15
22
6 16 14 13 19 14 15 11 4 15 12 20 8 17 18 17 18 1 17 18 17 18
22
15 5 8 13 12 19 11 1 14 6 17 7 20 4 21 4 21 1 4 21 4 21
22
15 19 21 11 8 11 15 16 14 9 22 2 21 9 21 9 21 1 9 21 9 21
22
3 4 10 8 13 11 14 6 19 15 8 6 20 4 9 4 9 1 4 9 4 9
22
22 3 10 21 14 7 6 20 6 8 18 20 4 13 17 13 17 1 13 17 13 17
22
14 13 8 11 1 5 7 22 13 9 20 10 4 5 11 5 11 1 5 11 5 11
22
15 17 10 16 1 10 18 10 17 5 10 20 10 20 19 20 19 1 20 19 20 19
22
4 6 14 3 9 7 1 3 6 17 3 11 16 22 10 22 10 1 22 10 22 10
22
4 20 14 6 1 22 3 18 16 4 19 1 2 20 14 20 14 1 20 14 20 14
22
15 4 6 4 8 6 21 2 22 21 16 3 19 14 19 14 19 1 14 19 14 19
22
1 18 19 14 6 12 19 1 16 11 5 12 17 11 9 11 9 1 11 9 11 9
22
20 2 9 11 9 11 15 10 3 21 20 7 4 18 7 18 7 1 18 7 18 7
22
6 7 14 1 6 4 20 1 14 7 16 8 6 18 5 18 5 1 18 5 18 5
22
22 19 8 15 3 11 20 15 12 11 1 18 22 11 15 11 15 1 11 15 11 15
22
18 8 22 18 11 17 5 6 8 5 22 12 2 22 18 22 18 1 22 18 22 18
22
14 17 9 13 21 10 16 13 11 15 5 7 9 17 4 17 4 1 17 4 17 4
22
5 6 16 14 3 13 16 17 7 10 13 19 17 14 17 14 17 1 14 17 14 17
22
15 3 13 17 11 4 14 6 20 12 14 3 2 21 3 21 3 1 21 3 21 3
22
3 6 18 9 16 2 21 7 16 3 5 17 19 14 20 14 20 1 14 20 14 20
22
12 10 2 20 14 5 2 20 1 16 4 20 14 2 9 2 9 1 2 9 2 9
22
13 15 21 20 8 15 22 7 16 13 19 9 1 13 10 13 10 1 13 10 13 10
22
4 11 19 8 15 13 11 8 22 10 18 20 3 21 19 21 19 1 21 19 21 19
22
12 3 15 19 18 1 2 9 13 4 12 14 11 12 14 12 14 1 12 14 12 14
22
3 7 2 9 21 8 10 3 22 12 10 17 22 14 2 14 2 1 14 2 14 2
22
22 7 21 1 21 14 1 22 14 15 6 7 10 18 14 18 14 1 18 14 18 14
22
5 12 10 20 16 11 7 6 22 16 12 11 1 15 11 15 11 1 15 11 15 11
22
22 21 6 15 20 11 5 9 7 9 15 2 14 8 19 8 19 1 8 19 8 19
22
22 6 4 11 20 4 13 22 15 12 10 4 21 6 7 6 7 1 6 7 6 7
22
20 11 9 5 4 1 10 1 21 13 10 14 18 4 5 4 5 1 4 5 4 5
22
2 8 20 11 16 8 10 1 19 1 20 21 8 6 13 6 13 1 6 13 6 13
22
14 1 17 14 15 19 18 22 13 6 3 13 16 20 9 20 9 1 20 9 20 9
22
20 4 20 2 5 7 19 5 15 10 8 21 15 10 13 10 13 1 10 13 10 13
22
20 22 1 7 19 11 17 12 14 6 16 6 14 1 20 1 20 2 1 20 1 20
22
19 17 7 14 21 8 19 17 15 10 6 11 7 2 6 2 6 1 2 6 2 6
22
11 20 5 19 12 17 2 21 12 4 3 12 22 17 9 17 9 1 17 9 17 9
22
18 14 1 19 22 19 3 1 3 7 3 2 21 8 17 8 17 1 8 17 8 17
22
20 12 10 6 5 18 11 18 9 14 6 1 13 6 21 6 21 1 6 21 6 21
22
15 7 22 11 6 1 20 1 9 6 17 21 16 7 15 7 15 1 7 15 7 15
22
21 4 11 15 21 4 16 9 15 13 16 9 17 11 7 11 7 1 11 7 11 7
22
20 10 5 3 18 14 11 9 15 14 4 6 2 17 14 17 14 1 17 14 17 14
22
2 18 11 6 5 21 17 16 6 10 8 1 4 2 16 2 16 1 2 16 2 16
22
17 2 4 6 12 21 16 8 20 19 21 4 22 17 5 17 5 1 17 5 17 5
22
7 18 1 19 9 8 12 3 1 22 16 5 19 1 8 1 8 2 1 8 1 8
22
6 10 5 17 22 10 15 7 1 17 9 4 13 18 11 18 11 1 18 11 18 11
22
4 2 21 4 11 5 8 19 22 16 17 20 11 19 4 19 4 1 19 4 19 4
22
11 15 9 13 1 12 22 21 4 10 6 15 16 14 8 14 8 1 14 8 14 8
22
4 22 6 9 13 6 16 6 12 7 4 20 3 14 1 14 1 2 14 1 14 1
22
16 13 6 16 1 13 7 1 10 12 5 4 10 20 6 20 6 1 20 6 20 6
22
21 18 6 1 6 20 10 22 15 20 22 16 18 14 6 14 6 1 14 6 14 6
22
1 5 21 2 11 21 7 12 3 20 13 12 21 11 18 11 18 1 11 18 11 18
22
2 18 4 16 9 10 5 8 4 20 11 20 4 21 10 21 10 1 21 10 21 10
22
5 21 17 5 16 7 10 18 5 3 19 12 10 2 1 2 1 3 2 1 2 1
22
13 6 11 7 18 19 17 4 10 11 15 9 19 21 11 21 11 1 21 11 21 11
22
9 17 12 4 20 15 7 9 2 20 6 11 17 8 7 8 7 1 8 7 8 7
22
18 6 5 2 9 3 1 14 12 16 20 4 9 16 3 16 3 1 16 3 16 3
22
22 14 18 13 4 21 2 1 22 13 12 1 4 18 8 18 8 1 18 8 18 8
22
18 2 6 19 3 6 19 18 15 10 4 18 9 20 10 20 10 1 20 10 20 10
22
18 6 19 8 15 19 16 1 20 18 8 12 19 5 11 5 11 1 5 11 5 11
22
12 18 6 8 19 6 18 8 10 16 1 7 12 8 12 8 12 1 8 12 8 12
22
18 3 12 4 16 4 6 9 5 9 16 14 11 18 4 18 4 1 18 4 18 4
22
6 20 19 16 5 9 16 10 2 10 13 8 4 18 15 18 15 1 18 15 18 15
22
20 19 5 11 20 4 20 14 7 10 5 1 2 7 6 7 6 1 7 6 7 6
22
12 2 17 22 21 5 4 13 16 18 21 18 8 12 6 12 6 1 12 6 12 6
22
11 19 14 16 10 4 13 15 2 18 9 17 20 1 19 1 19 2 1 19 1 19
22
18 13 19 22 20 17 9 1 6 15 19 9 10 13 5 13 5 1 13 5 13 5
22
16 7 8 1 3 12 15 3 22 8 6 7 17 14 1 14 1 2 14 1 14 1
22
3 14 17 7 21 4 19 6 11 18 8 2 14 11 22 11 22 1 11 22 11 22
22
16 17 11 3 19 9 6 7 15 6 1 14 10 14 19 14 19 1 14 19 14 19
22
15 12 3 14 19 14 11 21 3 6 21 19 11 17 21 17 21 1 17 21 17 21
22
7 11 4 18 20 3 15 13 14 10 7 19 12 16 13 16 13 1 16 13 16 13
22
19 20 7 17 8 20 9 14 15 11 16 1 10 11 18 11 18 1 11 18 11 18
22
20 21 16 7 16 11 18 6 10 20 7 15 22 20 12 20 12 1 20 12 20 12
22
1 10 7 1 6 19 20 13 22 19 5 7 9 2 10 2 10 1 2 10 2 10
22
8 18 14 2 19 1 19 18 13 11 1 18 4 16 21 16 21 1 16 21 16 21
22
4 1 21 6 14 19 11 13 21 9 21 13 12 14 4 14 4 1 14 4 14 4
22
12 3 15 11 4 8 9 19 18 21 10 19 18 8 2 8 2 1 8 2 8 2
22
4 20 11 18 12 9 22 7 11 14 18 14 10 13 8 13 8 1 13 8 13 8
22
14 9 8 18 8 7 3 22 14 8 7 3 15 11 9 11 9 1 11 9 11 9
22
22 1 2 9 16 1 12 14 16 17 18 14 22 7 14 7 14 1 7 14 7 14
22
7 22 15 8 14 19 9 18 12 19 9 21 11 22 10 22 10 1 22 10 22 10
22
3 21 5 3 21 19 14 21 10 14 21 2 5 3 14 3 14 1 3 14 3 14
22
13 16 21 22 12 7 22 16 5 12 4 15 6 17 15 17 15 1 17 15 17 15
