197
20
15 16 6 16 6 16 6 16 6 16 6 16 6 16 6 16 6 16 6 10
20
6 11 19 11 19 10 11 19 11 19 11 19 11 19 11 19 10 11 10 11
20
6 18 1 12 18 1 18 1 18 12 18 1 18 1 18 1 12 18 1 18
20
16 11 17 13 11 17 11 17 11 17 11 17 11 17 11 17 11 17 11 17
20
19 9 5 9 5 9 5 9 5 9 5 9 5 9 5 9 17 9 5 17
20
1 3 4 3 4 3 4 3 4 3 4 16 3 4 3 4 3 16 3 16
20
11 18 8 3 18 8 18 8 18 8 18 8 18 8 18 8 18 8 18 3
20
5 7 15 7 9 7 15 7 15 7 15 7 15 7 15 7 15 7 15 7
20
1 2 4 2 4 2 4 2 4 2 4 2 4 19 2 4 2 19 2 4
20
17 1 6 1 6 1 6 1 4 1 6 1 4 1 6 4 1 6 1 6
20
7 14 13 14 13 14 13 14 13 14 13 8 14 13 14 13 8 14 13 8
20
15 17 16 17 16 17 16 17 16 17 16 17 10 17 16 17 10 17 16 17
20
16 20 14 20 14 2 20 14 20 14 20 14 20 14 20 2 20 14 20 14
20
16 5 10 5 10 5 10 5 17 5 10 5 17 5 10 5 17 5 10 17
20
14 12 13 12 13 12 13 12 19 12 13 12 13 12 13 12 13 12 13 19
20
13 18 10 18 10 18 10 18 10 18 10 18 10 18 10 18 10 18 10 2
20
11 1 20 1 20 1 20 1 20 1 20 1 20 1 20 1 20 1 20 1
20
12 8 11 8 11 8 11 8 11 8 11 8 11 8 11 8 11 6 8 6
20
13 10 14 10 14 10 14 10 14 10 8 10 14 10 14 8 10 14 10 8
20
8 16 5 16 5 16 17 16 5 16 5 16 5 16 5 16 17 16 5 17
20
2 20 15 20 15 20 10 20 15 20 15 20 15 20 15 20 15 20 10 20
20
15 19 16 19 16 19 16 19 16 19 16 19 16 19 16 2 19 16 2 19
20
15 18 2 18 2 18 2 18 2 18 2 18 2 18 2 18 2 6 18 6
20
7 3 6 3 6 3 6 3 6 12 3 6 3 6 3 6 3 6 12 3
20
3 14 16 14 16 14 16 14 16 14 16 14 16 14 16 14 16 12 14 16
20
19 17 15 17 15 17 15 17 15 17 15 17 15 17 2 17 15 17 15 17
20
10 14 19 14 19 14 19 14 19 14 19 14 19 14 19 20 14 20 14 20
20
9 14 10 14 5 14 10 5 14 10 14 10 14 10 14 5 14 10 14 5
20
20 14 18 14 18 14 18 14 18 14 18 14 18 14 18 14 18 14 18 14
20
16 5 13 5 13 5 13 5 13 5 13 5 13 5 13 5 13 9 5 13
20
2 13 19 13 19 13 16 13 19 13 19 13 19 13 19 13 19 13 16 13
20
15 20 14 20 14 20 14 20 14 20 14 20 14 20 14 1 20 14 1 20
20
14 7 6 7 6 7 6 7 6 7 6 7 6 7 6 7 6 7 6 7
20
4 11 13 11 12 11 13 11 13 11 13 11 13 11 13 11 13 11 13 11
20
10 15 1 15 1 15 1 15 1 15 13 15 1 15 1 15 1 15 1 13
20
6 18 2 18 2 18 2 18 2 18 7 18 2 18 2 7 18 2 7 18
20
8 19 5 19 5 19 5 19 5 19 5 19 5 19 5 19 3 19 5 19
20
3 1 13 1 13 1 13 1 13 1 13 1 13 1 13 1 13 14 1 14
20
3 17 12 17 12 17 12 17 12 17 12 17 12 17 12 17 12 17 12 17
20
7 18 3 18 3 18 3 18 3 18 3 18 3 18 3 18 3 18 14 18
20
8 16 19 16 19 16 19 16 3 16 19 16 19 16 19 16 19 16 19 16
20
2 14 11 14 11 14 11 14 11 14 11 14 11 14 6 14 11 14 6 14
20
7 17 19 17 19 17 19 17 19 17 19 17 19 17 11 17 19 17 19 17
20
9 15 18 15 18 15 18 15 18 15 1 15 18 15 18 15 18 15 18 15
20
3 8 12 8 12 8 12 8 12 8 12 8 12 8 17 8 17 8 17 8
20
5 17 15 17 15 17 15 17 15 17 15 17 1 17 15 17 1 17 15 17
20
2 9 8 9 14 9 8 9 8 9 8 9 8 9 8 14 9 8 9 14
20
9 6 11 6 8 6 11 6 11 6 11 6 11 6 11 6 11 6 11 6
20
15 19 8 19 8 19 8 20 19 20 19 8 20 19 8 19 20 19 8 19
20
7 3 16 3 16 8 3 16 3 16 3 16 3 16 3 8 3 8 3 16
20
19 4 14 4 14 4 14 4 14 4 14 4 14 4 14 17 4 14 4 17
20
18 7 1 7 1 14 7 1 7 1 7 14 7 1 7 1 7 1 14 7
20
13 9 6 9 6 9 6 9 6 9 6 9 6 9 6 9 15 9 6 15
20
2 11 12 11 12 11 12 11 9 11 12 11 12 11 9 11 9 11 9 11
20
2 12 14 12 14 12 14 12 14 19 12 14 12 14 12 14 12 19 12 19
20
13 1 8 1 8 12 1 8 1 8 1 8 12 1 8 1 8 1 8 1
20
9 17 10 17 10 17 10 17 10 17 10 17 10 17 10 17 10 17 10 7
20
12 9 14 3 9 14 9 14 3 9 14 9 14 9 14 9 14 9 3 9
20
14 15 19 15 19 15 19 15 19 15 19 15 19 15 19 15 19 15 19 6
20
13 20 8 20 18 20 18 20 18 20 18 20 18 20 18 20 18 8 20 8
20
15 2 19 2 19 2 19 2 19 2 19 2 19 2 19 8 2 19 2 19
20
1 16 3 16 3 16 3 14 16 3 16 3 16 3 16 3 16 14 16 14
20
20 8 7 8 7 8 7 4 8 7 8 7 8 7 8 7 8 7 8 4
20
9 15 7 15 6 15 7 15 7 15 7 15 7 15 7 6 15 7 6 15
20
5 16 12 16 12 16 12 16 12 16 12 16 9 16 12 16 9 16 12 16
20
4 6 8 6 8 6 8 6 8 6 8 6 8 6 8 6 8 6 8 9
20
14 11 17 19 11 17 19 11 17 11 17 11 17 11 17 11 17 11 17 11
20
3 2 6 2 6 2 6 2 6 2 6 2 6 2 18 2 6 2 6 18
20
13 12 10 12 10 12 10 12 10 12 10 3 12 10 12 10 12 10 12 10
20
1 13 15 13 15 13 15 13 15 14 13 15 13 15 13 15 13 15 13 15
20
6 16 17 16 17 16 17 16 13 16 17 16 17 16 17 16 17 13 16 17
20
12 17 20 14 17 20 17 20 14 17 20 17 20 17 20 17 14 17 20 14
20
13 3 9 3 9 3 9 3 9 3 9 3 8 3 9 3 9 8 3 8
20
20 19 3 19 10 19 3 19 3 10 19 3 19 10 19 3 19 3 10 19
20
17 6 9 6 9 6 9 6 9 6 9 6 9 6 9 6 9 6 9 7
20
19 1 14 1 14 1 14 1 14 1 14 1 14 1 14 1 14 15 1 15
20
7 5 9 5 9 5 9 5 9 5 9 5 9 5 9 5 9 5 9 16
20
1 12 5 12 5 12 5 12 5 12 5 12 5 12 5 12 5 20 12 20
20
9 13 15 13 17 13 17 13 17 13 17 13 17 13 17 13 17 13 15 13
20
8 12 18 12 18 12 18 12 18 12 18 12 18 12 18 11 12 18 12 11
20
10 2 3 2 3 2 3 2 3 2 3 2 17 2 3 2 3 2 17 2
20
6 18 8 18 8 18 8 18 8 18 8 18 8 18 8 1 18 8 18 8
20
13 12 11 12 11 12 11 6 12 11 12 11 12 11 12 6 12 11 12 11
20
13 10 4 10 4 10 4 10 4 10 4 10 4 10 15 10 4 10 4 15
20
17 2 19 2 5 2 5 2 5 2 19 2 5 2 5 2 5 2 19 2
20
12 14 10 14 10 14 10 14 13 14 10 14 10 14 10 14 13 14 13 14
20
18 16 5 16 5 16 5 16 5 16 5 16 5 16 4 16 5 16 4 16
20
10 8 3 8 3 8 3 8 3 8 3 8 3 8 3 11 8 3 8 11
20
14 3 5 3 5 3 5 3 5 3 5 3 5 3 7 3 5 3 5 3
20
16 6 12 6 12 6 12 6 12 6 12 6 12 6 12 6 12 6 11 6
20
6 15 11 15 1 15 11 15 11 15 1 15 11 1 15 11 15 11 15 11
20
1 6 5 6 5 6 5 6 5 11 6 5 6 5 6 11 6 5 6 11
20
20 3 13 3 13 3 13 3 13 3 13 3 16 3 13 3 13 3 13 3
20
15 3 16 3 16 3 2 3 16 3 16 3 16 3 2 3 2 3 16 2
20
10 13 11 13 11 13 11 13 11 13 11 5 13 11 5 13 11 5 13 5
20
19 9 7 9 7 9 7 9 7 9 7 9 7 9 18 9 7 9 7 9
20
6 19 10 19 10 19 10 19 10 4 19 10 19 10 19 10 19 10 19 4
20
16 10 17 10 17 10 17 10 17 10 17 10 17 10 17 13 10 17 10 17
20
18 8 4 8 11 8 4 11 8 4 8 4 8 4 8 4 8 4 11 8
20
6 18 10 18 10 18 10 18 10 18 10 18 10 18 10 8 18 10 8 18
20
7 2 6 2 6 2 13 2 6 2 6 2 6 2 6 2 6 13 2 6
20
16 19 4 19 4 19 4 19 4 13 19 4 19 4 19 4 19 4 13 19
20
4 19 9 19 9 19 9 19 9 19 9 19 6 19 9 19 9 19 6 19
20
9 3 5 3 5 3 5 3 5 3 5 3 5 3 5 3 5 19 3 5
20
16 6 15 6 15 6 15 6 15 6 15 6 15 6 9 6 15 6 9 6
20
19 11 8 11 18 11 8 11 8 11 8 11 8 11 8 11 8 11 8 11
20
8 16 9 16 9 16 9 16 9 16 9 16 9 16 9 16 9 16 9 4
20
3 5 17 5 17 5 17 5 17 5 17 5 17 5 17 5 17 5 17 5
20
6 9 20 9 20 9 20 9 20 9 20 9 10 9 10 9 20 9 10 9
20
13 15 17 15 17 15 17 15 17 15 17 15 17 15 17 15 17 15 17 14
20
3 1 17 1 17 1 17 1 17 1 17 1 17 1 17 20 1 17 1 20
20
2 20 15 20 15 20 15 20 15 20 15 20 15 20 15 20 12 20 15 12
20
4 18 3 18 3 18 3 18 3 18 3 18 3 18 3 18 3 15 18 15
20
5 3 18 3 18 3 19 3 18 3 18 19 3 18 3 18 19 3 19 3
20
16 9 14 18 9 14 9 14 9 14 9 14 9 14 9 18 9 14 9 14
20
1 19 5 19 5 7 19 5 19 5 19 5 19 5 19 5 19 7 19 7
20
15 6 13 6 13 6 13 6 13 6 13 6 13 6 13 19 6 13 19 6
20
6 16 14 16 14 8 16 8 16 14 16 14 16 14 16 14 16 14 16 8
20
12 9 7 9 7 9 7 9 7 9 7 9 7 9 7 9 6 9 7 6
20
4 15 1 15 1 15 1 15 1 15 1 15 1 15 1 15 16 15 1 16
20
15 7 14 7 14 7 14 7 14 7 14 6 7 14 7 14 7 14 7 6
20
10 8 14 8 14 8 14 8 14 8 14 8 14 8 14 8 4 8 4 8
20
19 2 7 2 7 2 7 14 2 7 14 2 7 2 7 2 7 2 7 14
20
20 2 3 2 3 2 3 2 3 2 3 2 3 2 1 2 3 1 2 1
20
8 4 18 4 18 4 18 4 18 4 18 4 18 4 18 4 18 20 4 20
20
6 8 7 8 7 8 14 8 7 8 7 8 7 8 7 8 7 8 7 8
20
7 5 14 5 14 5 14 5 1 5 1 5 14 5 14 1 5 14 1 5
20
18 16 17 16 17 16 17 16 17 3 16 3 16 17 16 17 16 17 16 17
20
19 5 1 5 1 20 5 1 5 1 20 5 1 5 1 20 5 1 5 1
20
20 8 15 8 15 8 15 17 8 15 8 15 8 15 8 17 8 15 8 15
20
2 15 5 15 5 15 5 15 5 15 5 15 5 15 5 15 5 15 1 15
20
2 8 14 8 14 8 14 8 14 8 14 8 14 8 14 8 14 8 14 8
20
14 5 20 5 20 5 20 5 20 5 20 5 20 5 20 5 20 5 12 5
20
19 14 18 14 18 14 18 14 18 14 18 14 8 14 18 14 18 14 18 14
20
20 19 6 19 6 19 6 19 6 19 6 19 6 19 6 19 6 19 14 19
20
4 12 9 12 1 12 1 12 9 12 1 12 9 12 1 12 9 1 12 9
20
1 12 17 12 17 12 17 12 17 12 17 12 5 12 5 12 5 12 17 12
20
5 16 19 16 19 16 12 16 19 16 19 16 19 16 19 16 19 16 19 12
20
15 20 16 20 16 20 16 20 16 20 16 20 16 20 16 20 16 19 20 19
20
2 18 11 18 11 18 11 18 11 18 11 18 11 18 11 18 11 18 11 20
20
19 12 9 12 9 12 9 12 7 12 9 12 9 12 9 12 9 7 12 7
20
5 3 10 3 10 3 10 3 10 3 10 3 10 11 3 10 3 10 11 3
20
20 18 16 18 16 18 16 18 16 18 16 18 16 18 7 18 16 18 16 7
20
18 11 13 11 13 11 13 11 13 11 13 11 13 11 13 11 13 16 11 13
20
7 17 18 17 18 17 18 17 18 17 4 17 18 17 18 17 4 17 18 17
21
7 9 21 9 21 9 21 9 21 9 21 9 13 9 21 9 21 9 13 9 13
21
3 5 4 5 4 5 13 5 4 5 4 5 4 5 4 5 4 5 4 5 13
21
18 21 8 21 8 21 8 21 8 21 8 12 21 8 21 8 21 8 12 21 8
21
21 19 15 19 15 19 15 19 15 19 15 19 6 19 15 19 15 19 15 19 15
21
5 14 15 14 15 14 15 14 15 14 15 14 15 14 15 14 7 14 15 14 7
21
16 10 4 10 4 10 4 10 4 18 10 4 10 4 10 18 10 4 10 4 10
21
6 4 8 10 4 8 10 4 8 4 8 10 4 8 4 8 4 8 10 4 10
21
5 8 7 8 7 8 7 8 7 9 8 7 8 7 8 7 8 7 8 9 8
21
15 7 9 7 9 7 9 7 9 7 9 7 9 7 9 7 9 7 18 7 9
21
17 1 18 1 18 12 1 18 1 18 1 18 1 12 1 18 12 1 18 1 18
21
11 3 17 3 17 3 17 3 17 3 17 3 17 3 19 3 17 3 17 3 17
21
18 13 14 13 14 13 14 13 14 13 14 13 11 13 14 13 14 13 14 13 14
21
2 21 20 21 20 21 20 21 20 21 20 21 20 21 20 3 21 20 21 3 21
21
9 7 4 7 4 7 4 7 4 7 4 17 7 4 7 4 7 17 7 17 7
21
6 16 9 18 16 9 16 9 16 9 18 16 9 16 9 16 9 16 9 18 16
21
2 3 21 3 14 3 21 3 21 3 21 3 21 3 21 3 21 3 21 3 14
21
10 14 15 14 15 14 19 14 15 14 15 14 15 14 15 14 15 14 15 14 15
21
6 1 9 1 9 1 9 1 9 1 9 1 9 1 9 1 9 4 1 4 1
21
6 11 7 11 7 11 7 11 18 11 7 11 7 11 7 11 7 11 7 18 11
21
9 20 19 20 19 20 19 20 19 20 19 20 19 21 20 19 20 19 20 19 21
21
13 6 14 6 14 6 5 6 14 6 5 6 14 6 14 6 14 6 14 6 5
21
9 10 2 10 2 10 2 20 10 20 10 2 10 2 10 20 10 2 10 2 20
21
7 10 2 10 2 10 2 10 2 10 2 10 2 10 13 10 13 10 2 10 13
21
9 4 18 4 18 4 18 4 18 4 18 4 18 4 18 10 4 18 4 18 4
21
3 11 7 11 7 11 7 11 7 11 7 11 13 11 7 13 11 7 11 7 13
21
17 11 16 11 16 11 16 11 8 11 16 11 16 11 16 11 16 8 11 8 11
21
8 18 12 18 12 18 12 18 12 18 12 18 12 18 12 18 12 18 13 18 12
21
9 2 5 2 5 14 2 5 2 5 2 5 2 5 2 5 2 14 2 5 14
21
2 12 15 7 12 7 12 15 12 7 12 15 12 15 12 15 7 12 15 12 7
21
14 4 16 4 16 4 16 4 16 4 16 4 16 4 16 4 16 4 3 4 16
21
21 15 8 15 8 15 8 15 8 15 8 15 8 15 8 15 8 15 12 15 8
21
11 9 20 9 20 9 20 9 20 9 3 9 3 9 20 9 20 9 20 9 20
21
18 7 1 7 1 7 1 7 1 7 1 7 1 7 1 14 7 1 7 1 7
21
21 13 10 13 10 3 13 10 13 10 13 10 13 3 13 10 13 10 13 3 13
21
16 20 19 20 19 20 19 20 19 20 19 20 19 20 19 14 20 19 14 20 19
21
7 17 20 17 20 17 20 17 20 17 20 17 20 17 20 17 20 17 20 17 20
21
16 12 1 12 1 12 1 2 12 1 12 1 12 1 2 12 1 2 12 2 12
21
15 9 19 9 19 3 9 19 9 19 9 19 9 19 9 19 9 19 9 19 3
21
21 18 9 18 9 18 9 18 9 18 9 18 9 18 9 18 9 18 11 18 11
21
20 11 9 11 9 11 9 11 9 11 9 11 9 11 9 11 9 11 10 11 10
21
21 5 14 5 14 5 14 5 14 5 14 5 14 5 8 5 14 8 5 14 8
21
12 9 14 9 14 9 14 9 14 9 14 9 14 9 14 9 14 9 13 9 13
21
8 20 2 20 2 20 2 20 7 20 2 20 2 20 2 20 2 7 20 7 20
21
5 2 21 2 21 2 21 2 21 2 21 2 21 2 21 2 21 2 21 15 2
21
16 12 3 12 18 12 3 12 3 12 18 12 3 12 3 12 3 12 3 18 12
21
2 17 20 17 20 17 20 17 20 17 20 17 20 17 20 17 16 17 16 17 20
21
12 18 3 18 3 18 3 18 3 18 3 2 18 3 18 2 18 3 18 2 18
21
3 2 4 2 4 2 4 2 4 2 8 2 4 8 2 4 2 4 2 8 2
21
10 17 12 17 2 17 12 17 12 17 12 17 12 17 12 17 12 17 12 2 17
21
12 21 20 21 20 21 20 7 21 20 21 7 21 20 21 20 21 20 21 20 7
21
20 3 11 3 11 3 11 3 11 3 11 3 11 3 11 3 11 3 11 3 11
21
13 7 11 7 11 7 11 7 11 7 11 7 11 7 11 7 11 7 11 17 7
