57
70
64 23 59 23 59 23 59 23 59 23 2 23 59 23 59 23 59 23 59 23 59 23 59 2 23 59 23 2 23 59 23 59 23 59 23 59 2 23 59 23 59 23 59 23 59 23 2 23 2 23 59 23 59 23 59 23 59 23 59 23 59 2 23 59 23 59 23 59 23 59
70
29 35 25 35 25 35 25 35 25 35 25 35 25 35 25 35 25 35 25 35 63 35 25 35 25 35 25 35 25 35 25 35 25 35 25 35 25 63 35 25 35 25 35 25 35 25 35 25 35 25 35 25 35 25 35 25 35 25 35 63 35 63 35 25 35 25 35 25 35 63
70
40 12 10 60 12 10 12 10 60 12 60 12 10 12 10 12 10 12 10 12 10 12 10 12 10 12 10 12 10 12 60 12 10 12 10 12 60 12 10 12 10 12 60 12 10 12 10 12 10 12 10 12 10 60 12 10 12 10 60 12 10 12 10 12 10 12 60 12 10 60
70
39 46 27 46 27 46 27 46 27 46 27 46 27 46 27 46 27 46 27 46 27 46 59 46 59 46 27 46 27 46 27 46 27 46 27 59 46 27 46 27 46 27 46 27 46 27 46 27 46 59 46 27 46 27 46 27 46 59 46 27 46 27 59 46 59 46 27 46 59 46
70
58 37 66 37 66 37 66 37 66 37 66 37 66 37 66 37 66 37 66 37 66 38 37 66 37 66 37 66 37 66 38 37 66 37 66 37 66 37 66 37 66 37 66 37 66 37 66 37 66 38 37 66 37 66 37 66 37 66 37 66 37 66 37 66 37 66 38 37 38 37
70
50 56 38 56 38 56 38 56 38 56 38 56 38 56 38 56 38 56 38 26 56 38 56 26 56 38 56 38 56 26 56 38 56 38 26 56 38 56 38 56 38 56 38 56 38 56 38 56 38 26 56 38 56 38 56 38 56 38 56 38 56 38 56 38 26 56 26 56 38 56
70
21 16 19 16 19 16 19 16 19 16 59 16 19 16 19 16 19 16 19 16 19 16 19 16 19 59 16 19 16 19 16 19 16 19 16 19 16 19 16 19 59 16 59 16 19 59 16 19 16 19 16 19 16 19 16 19 16 19 59 16 19 16 19 16 19 16 19 16 19 16
70
64 8 34 8 34 53 8 34 8 34 53 8 34 8 53 8 34 8 34 8 34 8 34 8 34 8 34 8 34 8 34 8 34 53 8 34 8 34 8 34 8 34 8 34 8 34 8 34 8 34 8 34 8 34 8 53 8 34 8 34 8 53 8 34 8 34 8 34 53 8
70
18 50 2 50 2 50 2 70 50 2 50 2 50 2 50 2 50 2 50 2 50 2 50 2 50 70 50 2 50 2 50 2 50 2 50 2 50 2 50 2 50 2 70 50 2 50 2 70 50 2 50 2 50 2 50 2 50 2 50 2 50 70 50 2 50 2 70 50 2 50
70
23 64 36 64 36 14 64 36 64 36 64 36 64 36 64 36 64 36 64 36 64 14 64 36 64 36 64 36 64 36 14 64 36 64 36 64 36 64 36 64 36 64 36 64 36 64 36 64 36 14 64 36 64 36 64 36 64 36 64 36 14 64 36 64 36 64 36 64 36 64
70
47 30 48 30 48 30 48 30 48 30 48 52 30 52 30 48 30 48 30 48 30 48 30 48 30 48 30 48 30 48 30 48 30 48 52 30 48 30 48 30 48 30 48 30 48 30 48 30 48 30 48 30 48 30 48 52 30 48 30 48 30 48 30 48 52 30 48 30 52 30
70
9 29 28 29 28 29 28 29 28 29 28 29 28 29 28 69 29 28 29 28 29 28 29 28 29 28 29 28 29 28 29 28 29 28 29 28 69 29 28 29 28 29 28 29 28 29 28 29 28 29 28 29 28 29 69 29 28 29 28 69 29 28 29 28 69 29 28 29 28 69
70
25 17 67 17 67 52 17 67 17 67 17 67 17 67 17 67 17 67 17 67 17 67 17 67 17 67 52 17 67 17 67 17 67 17 67 17 67 52 17 67 17 67 17 67 17 67 17 67 17 67 17 67 17 67 17 67 17 52 17 67 52 17 67 17 52 17 67 17 67 52
70
62 51 5 51 5 51 5 51 5 56 51 5 51 5 51 5 51 5 51 5 56 51 5 51 5 51 5 51 5 51 5 51 5 51 5 56 51 5 51 5 51 5 51 5 51 5 51 56 51 5 51 5 51 5 56 51 5 51 5 56 51 5 56 51 5 51 5 51 5 51
70
66 23 44 23 44 35 23 44 23 44 23 44 23 44 23 44 23 44 23 44 35 23 44 23 35 23 44 23 44 23 44 23 44 23 44 23 44 23 44 35 23 44 35 23 44 23 44 23 44 23 44 23 44 23 44 23 44 23 44 23 35 23 35 23 35 23 44 23 44 35
70
35 59 55 59 55 59 55 59 55 59 55 59 55 59 55 59 55 59 55 46 59 55 59 55 59 55 59 55 59 55 46 59 55 59 55 46 59 55 59 55 59 55 59 55 46 59 55 59 55 59 55 59 55 59 55 46 59 55 59 55 59 46 59 55 46 59 55 59 55 46
70
61 15 47 15 47 15 47 15 47 15 47 15 68 15 47 15 47 68 15 47 15 68 15 47 15 47 15 47 15 47 15 47 15 47 15 47 15 47 15 68 15 47 15 47 15 47 15 47 15 47 15 47 15 68 15 47 15 47 15 47 15 47 15 47 15 68 15 47 68 15
70
69 35 22 35 50 35 22 35 22 50 35 22 35 22 35 22 35 22 35 50 35 22 35 22 35 22 35 22 35 22 35 22 35 22 50 35 22 35 22 35 22 35 22 35 22 35 22 35 22 35 22 50 35 22 35 22 35 22 35 22 35 22 35 22 35 22 50 35 22 50
70
40 61 38 61 38 61 31 61 38 61 38 61 38 61 38 61 38 61 31 61 38 61 38 61 38 61 38 61 38 61 38 61 38 61 38 61 38 61 38 31 61 38 61 38 61 38 61 38 61 38 61 38 61 38 61 31 61 38 61 38 61 31 61 38 61 38 61 38 61 38
70
11 45 16 8 45 16 45 16 45 16 45 8 45 16 45 16 45 16 45 16 45 16 45 16 45 16 45 8 45 16 45 16 45 16 45 16 45 16 45 16 45 8 45 16 45 16 45 16 45 16 45 16 45 16 45 16 45 16 45 16 45 16 45 8 45 16 45 16 45 16
70
21 48 64 48 62 48 64 48 64 48 64 48 64 48 64 48 64 48 64 48 64 48 64 48 64 62 48 64 62 48 64 48 64 48 64 48 64 48 64 48 64 48 62 48 64 48 62 48 64 48 64 48 64 48 64 48 64 48 62 48 64 48 64 48 64 48 64 48 64 48
70
28 25 70 25 47 25 70 25 70 25 70 25 47 25 70 25 70 25 70 25 70 25 70 25 70 25 70 25 70 25 70 25 47 25 70 25 70 25 70 25 70 25 70 47 25 70 47 25 70 25 70 25 70 25 70 25 70 25 70 25 70 25 70 25 70 25 70 25 47 25
70
59 23 43 23 44 23 44 23 44 23 44 23 44 23 44 23 44 23 44 23 44 23 44 23 43 23 43 23 44 23 44 23 44 23 44 23 44 23 44 23 43 23 44 23 44 23 44 23 43 23 44 23 44 23 44 23 44 23 44 23 44 23 44 23 44 23 44 43 23 43
70
36 40 67 40 67 40 67 40 67 59 40 67 40 67 40 59 40 67 40 67 40 67 40 67 40 67 40 67 40 59 40 67 40 67 40 67 40 67 40 67 40 67 40 67 40 67 40 67 40 67 40 59 40 67 40 67 40 67 40 67 40 67 40 67 40 67 40 67 59 40
70
44 26 57 26 57 26 57 26 57 26 57 26 57 26 57 26 57 26 57 26 13 26 57 26 57 13 26 57 26 57 26 57 26 57 26 13 26 57 26 57 26 57 26 57 13 26 57 26 13 26 57 26 57 26 57 26 57 26 57 26 57 26 57 26 57 26 57 26 57 26
70
4 15 39 15 39 15 39 15 39 15 39 15 39 26 15 39 15 39 15 26 15 26 15 39 15 39 15 39 15 39 15 39 15 26 15 39 15 39 15 39 15 39 15 39 26 15 39 15 39 15 39 15 39 15 39 15 26 15 39 15 39 15 39 15 39 15 39 15 39 26
70
49 30 53 30 53 30 53 30 16 30 53 30 53 30 53 30 53 30 53 30 53 30 53 30 53 30 53 16 30 53 30 53 30 53 30 53 30 53 30 53 16 30 53 30 53 30 53 30 16 30 53 30 53 30 53 30 53 30 53 30 53 16 30 53 30 53 30 16 30 16
70
5 57 12 2 57 12 2 57 12 57 12 57 12 57 12 57 12 57 12 57 12 57 12 57 2 57 12 57 12 57 12 57 12 57 12 2 57 12 57 12 57 12 57 12 57 12 57 12 57 12 2 57 12 57 2 57 12 57 2 57 12 57 12 57 12 57 12 57 12 57
70
39 11 2 11 2 11 2 11 2 11 2 11 2 11 2 11 6 11 2 6 11 2 11 2 11 2 11 2 11 2 11 6 11 2 11 2 11 2 11 2 6 11 2 11 2 11 2 11 2 11 2 11 2 11 6 11 6 11 2 11 2 11 2 11 2 11 2 11 2 11
70
25 39 60 39 35 39 60 39 35 39 35 60 39 35 39 35 39 35 39 35 39 35 39 35 39 60 39 35 39 35 39 35 39 35 60 39 35 39 35 39 35 39 35 39 35 39 35 39 35 39 35 60 39 35 39 35 39 35 39 60 39 35 39 35 39 35 39 35 60 39
70
7 50 29 50 29 50 29 50 29 50 29 50 29 50 29 50 29 50 29 50 29 16 50 29 16 50 29 50 29 50 29 50 29 50 29 50 29 50 29 50 29 50 29 50 29 16 50 29 50 29 50 29 50 29 50 29 50 29 50 29 50 29 50 29 50 16 50 29 16 50
70
56 64 2 64 2 64 2 64 2 64 2 64 2 64 2 64 2 64 2 30 64 30 64 2 64 2 64 2 64 2 64 2 64 2 64 2 30 64 2 64 2 64 2 64 2 64 2 64 2 64 2 64 2 64 2 64 2 64 30 64 2 64 2 64 2 30 64 2 64 30
70
16 12 17 12 17 12 17 12 17 12 17 46 12 17 12 17 12 17 12 17 12 17 12 17 12 17 12 46 12 17 12 17 12 17 12 17 12 17 12 46 12 17 12 17 12 17 12 17 12 17 12 17 12 17 12 17 46 12 17 12 17 12 17 12 17 12 17 12 46 12
70
35 68 5 68 5 68 5 68 5 68 5 68 5 68 48 68 5 68 5 68 5 68 5 68 5 68 5 68 5 68 5 48 68 5 68 5 68 5 68 5 68 5 68 5 48 68 5 68 5 68 5 68 48 68 5 68 5 48 68 5 68 5 68 5 68 5 68 5 68 5
70
56 52 26 52 37 52 37 52 26 52 26 52 26 52 26 52 26 52 26 37 52 26 52 26 52 26 52 26 52 26 52 26 52 26 37 52 26 52 26 52 26 37 52 26 37 52 26 52 26 52 26 52 37 52 26 52 26 52 26 52 37 52 26 52 26 52 26 52 26 52
70
15 67 54 36 67 54 67 54 67 54 67 54 67 54 67 54 67 54 67 54 67 54 67 36 67 54 67 54 67 54 67 54 67 54 67 54 67 54 67 54 36 67 54 67 54 67 54 67 54 67 54 67 54 67 54 67 54 67 36 67 54 67 54 67 54 67 54 67 54 36
70
12 32 60 32 60 32 60 32 60 32 60 32 60 32 60 32 60 32 60 32 35 32 60 32 60 32 60 32 60 32 60 32 60 32 60 35 32 60 32 60 32 60 32 60 32 35 32 60 32 60 32 60 32 60 32 60 32 60 32 35 32 60 32 60 32 60 35 32 60 35
70
59 26 22 26 22 26 22 26 22 26 22 26 22 48 26 22 26 22 26 22 26 22 26 22 26 22 26 22 48 26 22 26 22 26 22 26 22 26 22 26 48 26 22 26 22 26 22 26 22 26 22 26 22 26 22 26 22 26 22 26 22 48 26 22 26 22 48 26 22 48
70
33 66 35 66 35 66 35 66 35 66 35 66 35 66 35 66 35 66 36 66 35 36 66 35 66 35 66 35 66 35 66 35 66 35 66 35 66 35 66 35 66 35 36 66 35 66 35 66 35 66 35 66 35 36 66 35 66 35 36 66 35 66 35 36 66 36 66 35 36 66
70
41 50 45 50 45 50 45 50 45 50 45 50 45 50 45 50 2 50 2 50 45 50 45 50 45 50 45 50 45 50 45 50 45 50 45 50 45 50 45 50 2 50 45 50 45 50 45 50 45 50 45 50 45 50 45 50 2 50 45 2 50 2 50 45 50 45 50 45 50 2
70
69 15 29 15 29 15 29 15 29 4 15 29 15 29 15 29 4 15 29 15 29 15 29 15 29 15 29 4 15 29 15 29 15 29 15 29 15 4 15 29 15 29 15 29 15 29 15 29 15 29 15 29 15 29 15 29 4 15 29 15 29 15 29 4 15 29 15 29 15 29
70
19 27 64 27 64 27 64 27 64 27 48 27 64 27 48 27 64 27 64 27 64 27 64 27 64 27 64 27 64 27 64 27 48 27 64 27 64 27 64 27 64 27 48 27 64 27 64 27 64 27 48 27 64 27 64 27 64 27 64 27 48 27 64 27 64 27 64 48 27 48
70
61 32 31 32 31 32 31 32 31 32 1 32 31 32 31 32 31 32 31 32 31 32 31 32 31 32 31 32 31 32 31 1 32 31 32 31 32 31 32 31 1 32 31 32 31 32 1 32 31 32 31 32 31 32 31 32 31 32 31 32 31 32 31 32 31 32 31 1 32 31
70
26 43 29 43 29 43 29 43 29 43 29 43 29 7 43 29 43 7 43 29 43 29 43 29 43 29 43 7 43 29 43 29 43 29 7 43 29 43 29 7 43 29 43 29 43 29 43 29 7 43 29 43 29 43 29 43 29 43 29 43 29 43 29 43 29 43 7 43 7 43
70
34 9 56 9 56 9 56 9 56 9 56 9 56 9 56 9 56 9 56 9 56 25 9 25 9 56 9 56 9 56 9 56 9 56 9 56 9 56 9 25 9 56 9 56 9 56 9 56 9 56 9 56 9 56 9 56 25 9 56 9 56 9 56 9 56 9 56 9 56 9
70
8 36 24 36 24 36 24 36 24 36 24 36 24 65 36 24 36 24 36 24 36 65 36 24 36 24 36 24 36 24 36 24 36 65 36 24 36 24 36 24 36 24 36 24 36 24 65 36 24 36 24 36 24 36 24 36 24 65 36 24 36 24 36 24 36 65 36 24 65 36
70
34 8 9 8 9 8 9 8 9 8 9 8 9 8 9 8 9 12 8 9 12 8 9 12 8 9 8 9 8 9 8 9 8 9 8 9 8 9 8 9 8 12 8 9 8 9 8 9 8 9 8 9 8 9 8 9 8 9 8 9 12 8 9 8 9 8 12 8 12 8
71
70 63 12 63 16 63 16 63 12 63 16 63 16 63 16 63 16 12 63 16 63 16 63 16 63 16 63 16 63 16 63 12 63 16 63 16 63 16 63 16 63 16 63 16 63 16 63 12 63 16 63 16 63 16 63 16 63 16 63 16 63 16 63 16 12 63 16 63 16 63 12
71
31 44 61 44 25 44 61 44 61 44 61 44 61 44 61 44 25 44 61 44 61 44 61 44 61 44 61 44 61 44 61 44 61 44 25 44 61 44 61 44 61 44 61 44 61 44 61 44 61 44 25 44 61 44 61 44 25 44 61 44 61 44 61 44 25 44 61 44 61 25 44
71
11 61 39 61 39 61 39 66 61 39 61 39 61 39 61 39 61 39 61 39 61 39 61 39 61 39 66 61 39 61 39 61 39 61 39 61 39 61 39 61 66 61 39 61 39 61 66 61 39 61 39 61 39 61 39 61 39 61 39 61 39 61 39 66 61 39 61 39 61 39 61
71
65 55 42 55 42 55 42 55 42 55 42 55 42 55 42 55 42 55 10 55 42 55 42 55 42 55 42 55 42 55 42 55 42 55 42 10 55 10 55 42 55 42 55 42 55 42 55 42 55 42 10 55 42 55 42 55 10 55 42 55 42 55 42 55 42 55 42 55 42 55 42
71
60 62 30 62 30 62 30 62 30 62 30 62 30 62 30 8 62 30 62 30 62 30 62 30 62 30 62 30 62 30 62 30 62 30 62 30 62 8 62 30 62 30 62 30 62 30 62 30 62 30 62 30 62 30 62 8 62 30 62 30 62 30 62 8 62 30 62 8 62 8 62
71
24 8 42 8 42 8 42 8 23 8 23 8 42 23 8 42 23 8 42 8 42 8 42 8 42 8 42 8 42 8 42 8 23 8 23 8 23 8 42 8 42 8 42 8 23 8 42 8 42 8 42 8 42 8 42 8 42 8 23 8 42 8 42 8 42 8 42 8 42 8 42
71
15 50 42 50 42 50 42 50 42 50 42 50 42 50 42 50 27 50 42 50 42 50 42 50 42 50 42 50 27 50 42 50 42 50 42 50 42 27 50 42 50 42 50 42 50 42 50 42 50 27 50 42 50 42 50 42 27 50 42 50 42 50 27 50 42 50 42 50 42 27 50
71
26 22 24 22 24 22 24 22 24 22 24 22 24 22 24 47 22 24 22 24 22 24 22 24 22 24 22 24 22 24 22 24 22 47 22 24 22 47 22 24 22 24 22 24 22 24 22 24 22 24 22 24 22 24 22 24 22 24 22 47 22 24 22 24 22 24 22 24 22 24 47
71
53 49 1 49 1 49 1 49 1 49 1 49 1 49 1 49 1 49 1 49 1 47 49 1 47 49 1 49 1 49 1 49 1 49 1 49 1 49 1 49 1 47 49 1 49 1 49 1 49 1 49 47 49 1 49 1 49 1 49 1 49 1 49 1 47 49 1 47 49 1 47
71
57 26 38 26 38 45 26 38 26 38 26 38 26 38 26 38 26 38 26 38 26 45 26 38 26 38 26 38 26 38 45 26 38 26 45 26 38 26 38 45 26 38 26 38 26 38 45 26 38 26 38 26 38 45 26 38 26 38 26 38 26 45 26 38 26 38 26 38 45 26 38
