6
6
3
6
4
6
5
5
6
4
6
6
4
2
4
4
6
6
5
6
7
5
7
7
8
3
7
5
7
3
4
7
7
7
7
7
7
5
6
7
6
7
6
7
4
7
5
6
5
7
7
5
7
6
7
6
7
6
7
7
7
4
7
5
6
7
7
6
7
4
3
6
5
7
6
5
6
7
5
7
7
7
7
6
7
5
7
5
7
5
7
4
7
7
6
7
4
7
5
5
7
7
7
5
2
4
7
7
6
7
6
7
5
5
7
5
6
6
3
7
7
6
7
7
6
7
7
7
7
5
5
6
3
7
5
5
5
7
7
7
5
7
5
6
7
5
2
7
7
3
7
6
7
5
6
5
5
5
7
5
3
7
7
5
5
5
7
7
7
7
5
4
7
7
7
6
7
7
7
7
5
6
7
7
7
7
7
7
7
6
7
3
7
5
6
7
7
7
6
5
5
7
7
5
7
6
7
3
4
7
7
5
5
7
5
7
7
6
7
7
4
5
5
3
7
7
5
5
2
5
7
6
5
6
5
7
7
5
6
7
3
7
5
7
7
6
7
7
5
5
5
7
7
7
5
5
7
7
7
4
7
7
7
7
7
7
7
7
3
7
7
7
7
5
7
4
7
5
3
6
4
5
5
4
5
5
7
6
7
5
7
7
7
6
7
5
7
7
5
7
5
4
6
7
5
5
6
7
7
5
7
4
7
7
5
7
7
5
5
5
5
5
7
7
7
7
6
5
7
7
7
5
3
7
6
4
7
7
7
6
7
7
4
4
7
7
7
7
7
7
5
5
6
7
7
6
5
7
7
7
5
7
4
