17
18
17
17
17
18
18
18
18
17
17
18
18
17
19
18
18
18
18
18
17
18
18
18
18
17
18
18
18
18
18
18
17
18
18
18
18
18
17
18
18
18
18
18
18
18
17
18
17
17
17
17
17
18
17
17
17
17
18
18
16
15
14
14
15
17
17
18
14
17
16
18
15
17
18
15
16
13
16
16
18
16
16
16
16
16
16
16
16
18
16
16
16
13
14
18
18
17
14
15
16
17
14
16
15
18
16
15
15
14
16
18
18
16
16
16
16
17
16
15
14
16
16
17
16
15
12
14
15
17
16
15
18
16
17
15
17
16
15
14
16
15
17
18
14
17
18
18
16
14
16
14
15
18
15
18
16
16
14
14
14
16
15
18
16
17
18
18
16
15
16
18
17
16
14
16
16
18
16
14
17
17
17
16
