194
20
4 7 19 3 11 9 5 16 18 8 9 3 7 15 14 10 4 3 12 20
20
14 7 15 3 7 12 3 14 12 7 16 9 19 7 12 16 14 9 6 19
20
8 17 2 5 15 13 10 4 5 15 1 10 3 5 2 8 5 8 20 2
20
12 16 3 4 12 9 3 16 19 4 3 16 6 12 14 6 18 12 14 7
20
2 15 11 7 15 6 8 11 10 16 1 7 14 13 5 3 11 1 9 17
20
3 5 12 5 12 8 17 5 6 5 10 5 10 15 9 7 10 5 14 8
20
7 5 14 5 6 13 19 6 18 2 17 16 3 14 3 9 8 14 13 12
20
11 14 9 1 5 6 8 13 5 7 2 17 5 14 17 11 4 6 4 11
20
20 5 18 7 1 19 8 2 3 16 7 18 7 3 5 13 10 17 8 13
20
14 10 15 12 2 1 10 3 18 8 12 8 16 14 1 18 7 19 15 3
20
9 11 14 11 3 14 9 4 6 16 3 11 14 18 13 10 12 16 7 5
20
8 10 3 18 17 3 10 20 6 3 14 3 7 8 6 4 3 6 14 7
20
1 7 11 16 2 6 9 4 20 16 13 3 14 5 19 14 13 5 3 14
20
10 5 20 19 11 10 19 15 1 6 18 6 12 4 13 10 18 15 13 19
20
15 11 13 9 10 2 9 12 1 3 8 16 1 5 3 6 8 19 6 20
20
18 6 18 10 11 2 15 1 20 6 10 2 20 3 8 10 8 17 16 14
20
14 6 9 15 1 9 13 15 14 2 9 16 2 16 14 20 5 1 2 3
20
8 5 7 18 6 13 1 18 6 16 11 8 14 2 13 17 15 5 19 20
20
9 4 11 18 8 6 8 7 12 3 20 19 3 14 15 9 16 19 14 15
20
6 19 13 6 5 17 5 11 7 14 17 19 12 5 18 4 6 20 3 18
20
18 15 10 3 10 16 5 1 7 20 18 10 19 5 6 1 18 13 6 10
20
4 13 4 20 13 1 3 20 5 18 15 17 11 8 3 10 6 9 19 11
20
10 17 5 8 10 16 2 10 14 16 5 9 18 19 3 1 12 3 11 17
20
19 2 15 1 14 4 18 7 14 11 10 2 5 2 16 3 7 16 11 5
20
14 9 10 2 6 16 4 10 15 3 6 5 11 15 16 12 16 10 9 5
20
13 9 16 13 14 3 13 4 8 13 9 10 5 11 12 16 18 3 11 6
20
3 6 3 19 8 1 6 13 8 20 17 15 12 11 19 13 6 7 4 9
20
6 15 14 13 10 9 19 18 7 16 3 20 6 2 6 20 8 5 15 19
20
1 4 18 17 4 18 8 7 20 4 5 1 10 15 6 4 17 7 6 2
20
15 16 18 3 4 11 5 9 1 7 1 18 14 13 12 5 6 18 16 13
20
11 20 14 17 13 1 11 15 19 1 15 5 13 12 6 14 1 10 20 9
20
6 10 18 13 7 1 5 1 13 4 8 2 4 5 14 19 16 2 15 14
20
4 7 5 11 8 13 20 19 12 18 3 14 4 19 16 3 17 14 19 10
20
7 10 6 16 17 7 5 4 12 4 10 11 4 10 6 7 5 3 5 14
20
11 13 8 16 11 3 7 9 11 5 9 6 9 16 6 4 3 9 13 16
20
8 4 7 15 19 15 12 6 10 5 7 15 5 12 18 14 2 7 4 8
20
7 14 7 9 16 11 9 16 4 9 6 13 10 2 17 8 5 1 9 16
20
9 11 19 6 1 3 15 20 12 7 6 19 4 5 20 3 18 4 7 5
20
2 17 13 20 4 10 1 3 7 13 6 4 15 19 14 18 4 1 10 1
20
16 14 2 18 20 17 11 7 9 20 1 7 15 1 10 9 15 5 19 3
20
13 15 20 16 11 19 12 7 8 5 4 20 19 4 8 16 5 7 12 5
20
20 19 11 14 6 15 1 10 13 7 19 5 2 16 18 16 1 3 10 14
20
9 15 10 3 5 7 12 10 2 12 13 11 12 7 2 20 16 14 17 11
20
9 11 16 2 5 3 12 9 6 14 9 7 12 8 7 11 18 8 16 1
20
19 14 13 8 13 11 2 3 9 18 4 3 1 18 12 13 8 10 14 3
20
9 10 3 7 12 10 1 5 18 5 2 20 4 20 13 10 3 6 4 18
20
11 3 12 4 13 1 2 5 4 9 13 19 8 2 11 6 17 16 10 15
20
11 9 12 19 6 5 2 6 1 15 2 4 15 19 17 14 9 5 19 13
20
12 8 19 20 15 20 18 10 19 3 4 2 20 18 2 13 9 16 20 10
20
8 5 8 4 13 20 6 15 7 16 3 13 9 4 1 10 19 6 4 9
20
5 11 16 18 1 10 13 9 17 9 2 13 14 7 1 5 2 8 13 7
20
11 12 17 7 1 16 17 4 11 10 17 5 19 20 5 17 4 8 15 4
20
5 8 1 7 4 19 6 17 14 10 20 11 18 19 2 20 8 14 16 14
20
8 16 2 12 6 1 13 17 19 12 20 19 16 9 10 13 10 9 17 12
20
3 16 13 3 18 10 14 9 19 5 1 20 4 12 16 14 17 16 10 16
20
9 16 9 18 12 9 17 9 2 19 18 20 2 20 9 7 16 2 1 12
20
17 8 12 7 9 19 18 10 1 16 12 7 13 7 18 1 14 5 18 11
20
9 1 2 18 20 7 17 20 2 5 11 13 9 3 19 4 12 14 6 7
20
16 19 13 14 4 20 12 11 7 4 17 4 2 16 1 5 1 12 20 11
20
17 8 16 7 6 3 9 4 6 4 19 12 18 13 15 6 7 5 2 17
20
17 20 8 15 10 5 9 4 15 11 14 16 11 9 7 2 11 9 10 15
20
4 11 13 5 7 9 11 6 17 11 15 17 2 6 3 13 9 17 12 5
20
5 16 19 14 16 14 10 2 15 14 12 18 8 15 17 14 12 7 2 9
20
5 16 11 16 8 15 5 17 19 8 2 10 16 6 15 7 16 20 3 10
20
9 10 15 3 11 10 19 11 16 3 6 11 16 15 1 3 9 6 18 1
20
5 15 19 11 5 3 12 18 14 8 13 7 12 14 13 3 7 17 14 2
20
5 12 4 7 10 3 15 10 6 20 17 9 14 10 19 10 8 9 20 18
20
12 13 3 7 13 12 5 4 5 3 20 4 6 19 10 2 18 12 4 19
20
8 19 13 12 17 12 16 13 5 7 19 8 20 6 17 1 10 14 9 8
20
3 13 19 20 15 11 12 3 13 17 8 13 19 16 12 13 8 11 18 5
20
1 18 20 14 17 6 2 16 3 4 1 8 5 8 10 1 17 20 18 16
20
16 8 3 1 12 19 12 6 10 4 11 16 9 2 17 9 7 9 3 14
20
2 17 15 8 15 18 6 15 6 13 7 10 7 12 20 19 15 12 9 18
20
7 10 20 4 3 7 8 15 17 12 17 15 20 7 14 10 7 15 8 10
20
4 1 4 12 4 12 6 1 12 11 3 1 10 17 3 15 9 10 16 19
20
1 5 16 12 11 1 2 16 14 13 2 4 1 5 3 6 1 3 14 19
20
12 14 20 8 6 17 8 5 3 12 8 13 3 7 20 15 3 18 17 12
20
12 20 6 10 18 11 6 1 17 10 11 17 7 2 14 2 3 10 1 4
20
15 13 4 18 2 16 15 9 8 18 19 14 18 16 8 7 3 4 6 3
20
5 8 18 1 16 7 12 20 15 20 14 4 10 12 9 12 16 3 7 19
20
14 17 19 4 20 18 13 15 19 18 11 7 10 7 12 5 8 12 8 7
20
19 18 1 13 5 15 1 2 13 1 13 1 2 10 9 4 2 1 18 9
20
6 4 16 11 15 14 7 1 12 9 19 11 8 2 14 18 19 16 17 13
20
1 8 1 19 9 5 7 17 7 10 11 19 8 5 17 13 15 13 16 15
20
8 6 19 17 3 10 15 9 5 18 1 3 19 10 17 2 8 15 18 5
20
16 11 15 13 11 15 20 17 10 7 9 18 2 3 8 2 7 13 5 19
20
4 18 17 5 15 7 1 11 7 12 9 18 6 17 12 11 14 15 20 2
20
15 14 19 17 1 17 4 12 14 6 4 6 18 19 5 15 14 2 13 4
20
12 2 4 8 6 13 12 5 6 14 7 1 10 19 14 6 4 16 7 1
20
2 19 12 9 12 5 19 9 4 8 3 14 4 2 4 6 1 14 20 9
20
10 14 2 20 14 12 16 6 9 14 7 3 12 20 11 2 3 14 4 17
20
11 6 10 6 8 18 2 19 13 7 13 10 7 9 12 20 16 15 4 17
20
9 18 8 11 5 10 15 20 10 6 14 10 4 10 8 16 6 8 4 2
20
5 15 1 6 4 14 4 11 10 9 7 19 18 10 11 12 5 14 17 6
20
15 8 20 10 1 11 16 6 15 8 3 12 8 12 9 8 9 14 19 13
20
5 17 2 11 14 6 20 19 18 16 5 2 12 4 18 2 18 16 19 1
20
1 8 18 14 12 20 12 1 2 20 7 2 9 12 8 16 13 12 17 1
20
6 13 9 6 19 17 12 15 19 5 8 1 15 18 8 17 14 6 17 10
20
8 1 15 12 2 10 6 11 8 20 18 17 1 3 20 12 19 1 2 8
20
16 4 14 13 9 5 17 6 16 5 1 10 7 1 2 8 3 19 17 3
20
1 8 9 20 13 10 19 10 12 1 2 14 13 6 12 9 7 13 1 8
20
9 4 10 20 19 5 19 7 20 13 3 9 5 16 6 16 8 12 15 19
20
16 18 8 15 2 12 10 13 11 10 18 11 8 4 3 5 18 11 12 17
20
12 16 8 9 15 12 14 2 9 11 18 14 4 19 2 16 4 5 16 1
20
16 9 8 11 4 9 20 19 3 13 15 7 14 3 17 14 15 17 11 18
20
17 18 10 15 17 9 12 8 9 12 6 19 17 10 17 12 13 17 4 18
20
4 10 17 12 1 10 7 8 9 20 18 12 11 3 11 20 3 6 11 13
20
14 20 5 11 18 10 18 3 1 11 13 4 5 19 2 9 15 5 16 6
20
18 11 3 2 19 12 1 8 11 2 12 18 12 17 20 2 1 10 13 8
21
1 11 10 6 11 21 12 16 1 2 17 5 20 11 7 15 1 4 2 11 8
21
17 13 8 3 16 19 5 3 11 6 7 11 13 19 17 7 13 21 16 10 3
21
9 14 5 1 9 12 17 14 9 3 10 16 7 17 12 19 21 20 9 18 9
21
1 10 8 21 9 18 6 17 20 15 17 18 3 2 19 1 10 7 13 12 11
21
21 6 5 20 17 4 15 6 11 3 14 20 8 15 1 10 12 10 18 16 17
21
13 9 17 12 8 3 15 14 20 7 10 1 4 9 7 12 13 9 19 8 20
21
19 3 17 15 11 19 13 12 2 21 2 9 2 20 10 18 13 2 7 1 8
21
12 7 11 20 18 17 19 8 17 11 9 8 19 8 14 13 14 20 5 20 2
21
2 8 7 21 5 21 3 12 2 14 7 18 1 9 19 11 3 20 19 4 14
21
15 21 2 5 19 7 20 17 4 13 19 14 18 4 8 20 18 1 12 19 7
21
18 2 13 12 18 14 18 10 6 15 12 11 9 10 17 2 18 7 21 9 14
21
1 21 5 7 1 11 19 3 14 6 3 9 18 15 14 4 13 16 11 6 20
21
10 13 14 10 8 7 17 2 4 21 7 1 12 20 19 13 9 16 10 14 20
21
3 18 14 15 16 4 16 10 6 15 6 15 7 2 18 17 20 11 19 11 15
21
5 9 18 15 9 16 9 17 1 20 8 20 6 19 9 14 21 17 9 20 6
21
6 2 5 3 4 15 5 15 18 19 6 3 18 5 7 8 9 17 6 4 17
21
18 6 3 21 13 10 9 6 9 12 6 3 18 4 10 16 21 2 1 19 18
21
3 1 21 16 7 6 7 9 20 21 7 19 4 6 17 9 2 1 9 17 1
21
3 6 18 2 7 14 13 17 18 17 2 5 17 19 20 10 9 20 8 15 21
21
15 17 3 2 8 18 15 14 18 7 5 9 5 15 14 8 14 16 1 2 12
21
19 20 15 1 4 12 13 2 18 7 17 15 14 9 5 3 7 8 16 12 7
21
2 10 12 2 21 2 12 1 5 6 8 12 21 6 17 20 15 7 13 18 19
21
21 9 17 1 16 14 2 14 21 17 21 17 6 17 20 17 13 21 11 1 11
21
2 13 16 10 17 8 18 14 3 15 12 21 9 6 9 5 8 16 9 11 13
21
19 8 9 2 21 19 3 4 11 14 15 13 1 13 9 16 21 13 6 10 3
21
18 9 7 10 18 4 20 12 20 4 11 14 5 11 7 1 17 6 1 13 16
21
11 13 15 21 17 20 9 7 6 1 6 19 18 4 9 20 15 1 19 4 15
21
15 6 17 21 7 2 17 18 12 11 16 12 18 4 10 15 20 18 4 15 12
21
20 2 5 15 11 18 19 12 17 3 9 17 3 2 11 8 21 5 1 3 16
21
17 10 21 9 6 15 17 21 7 16 21 16 1 2 4 11 13 15 3 14 17
21
19 1 13 2 6 4 15 1 9 6 19 14 16 5 9 13 16 3 1 21 7
21
9 15 10 12 15 2 15 10 20 8 17 6 9 15 4 3 2 21 7 4 17
21
1 5 10 1 19 16 12 14 3 16 21 8 5 6 1 17 14 6 15 10 2
21
9 5 14 12 1 4 2 8 20 16 1 7 6 8 20 8 20 13 1 2 14
21
2 17 11 2 20 15 14 17 2 16 5 11 8 21 2 13 2 6 2 3 14
21
3 15 13 19 7 20 16 2 5 3 1 16 9 15 19 6 10 3 5 16 2
21
19 8 4 6 10 9 18 10 18 20 9 18 3 19 5 1 11 17 4 9 15
21
7 18 1 10 4 5 19 15 3 16 11 12 17 15 18 15 8 1 2 9 15
21
6 17 12 15 11 6 15 5 15 7 10 16 20 11 18 4 12 21 4 5 18
21
10 11 12 3 12 19 1 14 15 20 11 7 19 13 12 11 4 1 14 4 9
21
6 2 1 13 17 10 7 10 1 20 18 17 2 5 17 3 7 14 15 9 3
21
8 14 9 6 10 15 5 14 20 15 8 7 3 9 11 8 20 6 9 16 13
21
5 18 6 16 17 14 18 3 19 15 7 4 11 7 20 19 14 1 14 17 9
21
4 8 15 2 20 12 15 19 1 13 21 5 9 19 5 14 20 13 3 8 20
21
12 13 17 16 18 16 6 19 9 11 21 13 7 8 10 15 5 20 6 21 2
21
15 11 4 20 8 11 9 5 19 21 1 9 7 19 2 4 16 6 19 10 16
21
15 3 4 20 8 4 6 12 15 14 4 11 9 7 16 10 8 7 1 8 2
21
7 10 3 6 3 19 21 10 13 20 14 7 9 16 13 4 3 11 17 3 7
21
8 10 21 5 21 7 1 7 5 2 8 18 14 2 16 14 8 21 11 14 8
21
5 16 6 17 5 21 5 3 13 7 9 14 6 3 5 6 5 16 21 2 8
21
13 15 20 7 15 20 11 2 5 3 10 16 3 4 18 11 4 19 9 19 21
21
9 13 8 15 6 8 19 1 9 20 18 15 5 4 11 1 8 19 14 18 8
21
5 14 16 19 14 17 16 21 10 3 11 12 11 15 13 10 17 18 3 7 21
21
9 2 19 14 8 1 10 5 17 14 20 8 10 3 9 3 16 4 10 8 18
21
18 16 11 14 9 4 7 15 2 20 10 4 13 15 21 8 10 1 18 1 5
21
11 6 3 13 7 18 8 18 11 19 14 9 20 2 16 17 16 9 10 18 9
21
9 6 20 16 2 7 4 8 21 11 15 21 9 13 9 1 3 16 19 9 18
21
20 19 5 15 20 12 16 3 4 17 2 14 7 19 17 1 19 9 4 9 1
21
14 2 12 7 2 18 8 5 12 17 11 16 13 4 12 1 10 8 19 3 16
21
10 13 2 11 16 12 13 9 11 1 17 20 14 19 21 3 5 20 13 5 11
21
7 8 4 2 20 17 13 7 5 1 12 11 15 20 1 5 16 18 6 16 5
21
15 18 16 5 8 14 21 13 7 20 2 18 4 15 10 4 9 6 1 21 18
21
18 20 1 3 10 12 2 21 2 16 14 13 8 5 9 10 12 7 21 7 4
21
11 9 14 9 1 5 18 20 12 3 9 20 13 4 3 18 4 6 7 13 4
21
3 20 19 12 8 18 5 4 20 6 12 4 17 11 14 13 6 13 8 6 20
21
14 20 13 20 19 1 13 5 14 1 13 21 4 12 1 9 16 12 21 3 20
21
1 8 21 8 21 8 20 18 19 20 11 14 12 4 2 6 11 14 1 16 3
21
5 19 14 6 9 21 3 11 1 3 7 21 8 21 7 4 19 13 5 13 18
21
9 11 17 12 19 5 12 1 10 7 13 15 12 16 6 7 9 19 13 14 19
21
9 7 20 13 8 9 10 16 15 19 14 3 2 10 3 2 9 21 4 7 5
21
21 17 2 7 2 18 13 7 14 20 18 15 10 4 18 20 8 16 13 11 21
21
4 21 12 7 17 19 9 10 13 16 2 14 2 13 3 4 13 10 6 13 11
21
8 10 11 13 2 14 5 16 11 15 3 2 6 4 21 12 3 17 7 12 21
21
19 21 13 6 3 21 16 7 12 13 19 11 1 14 2 20 9 19 13 6 8
21
15 1 19 15 14 10 12 9 18 8 1 6 20 10 1 2 5 2 13 16 21
21
6 4 12 1 3 14 20 11 1 2 1 5 16 21 15 21 14 8 9 7 16
21
7 1 15 6 21 5 19 11 1 9 8 2 1 17 14 21 2 20 21 16 8
21
10 4 8 1 7 3 9 15 2 10 9 17 19 1 4 13 11 16 2 4 6
21
8 20 2 4 15 18 12 2 18 13 16 14 11 9 3 12 18 16 11 15 12
21
19 14 6 14 4 20 8 5 21 13 20 1 12 17 21 19 4 11 20 3 17
21
17 8 12 19 5 8 17 15 18 8 16 15 17 8 1 15 20 2 16 7 9
21
21 14 9 2 16 12 1 21 2 18 5 16 8 16 8 13 5 16 17 3 18
21
17 15 7 17 1 7 3 5 1 10 11 10 3 6 21 1 18 21 11 3 4
21
14 7 11 20 9 12 18 19 20 5 4 6 14 13 11 1 2 12 7 20 9
21
9 16 5 8 2 1 19 10 2 12 10 3 12 10 17 13 14 11 15 1 8
