63
62
17 33 9 14 12 23 46 58 41 30 11 1 5 31 50 19 53 8 3 45 22 55 56 43 37 51 24 36 4 16 38 59 7 2 10 6 44 28 35 49 42 60 47 52 21 29 32 54 20 25 40 18 13 26 61 57 15 34 39 27 62 48
62
16 9 25 42 19 47 34 31 32 44 15 17 1 33 6 13 36 5 58 60 27 62 12 35 40 18 11 46 54 2 49 37 10 61 38 3 24 14 21 45 51 59 55 57 28 7 4 22 43 56 39 29 20 26 52 41 30 23 53 8 50 48
62
42 17 19 46 41 52 8 51 43 57 4 6 35 24 45 49 18 29 20 31 27 3 30 40 34 28 7 16 12 2 15 44 13 53 5 32 10 22 38 60 26 1 39 37 23 48 9 56 21 36 11 58 50 61 55 59 54 47 62 33 25 14
62
42 9 52 3 13 41 5 8 10 59 54 60 4 14 49 20 18 25 17 40 45 1 28 6 50 29 19 26 12 47 11 61 56 36 16 55 43 35 39 62 2 53 22 51 38 48 21 31 27 37 57 58 32 33 24 46 44 15 34 23 30 7
62
38 39 28 40 29 42 1 8 15 61 30 23 56 51 14 25 22 5 13 12 17 49 57 33 27 54 50 6 21 47 52 16 37 2 43 45 53 11 9 62 41 3 4 20 7 35 36 58 19 10 34 24 46 18 59 31 26 60 55 32 48 44
63
28 6 63 55 34 20 46 27 49 32 13 51 54 12 25 59 18 9 56 7 1 39 48 16 42 38 3 26 58 60 4 47 23 44 43 36 33 50 30 45 19 41 57 62 31 2 22 53 40 61 15 10 11 35 8 17 21 24 5 14 37 52 29
63
53 6 16 37 24 5 15 12 25 32 31 11 19 20 17 56 10 63 57 33 58 43 35 26 48 45 41 42 2 3 54 7 49 4 60 39 46 44 28 50 47 62 8 52 34 36 18 23 61 51 1 55 22 9 21 59 30 13 14 29 27 38 40
63
23 37 40 27 41 45 46 4 56 36 44 49 9 61 3 58 54 29 22 55 59 31 21 60 16 2 15 18 34 47 28 48 14 7 39 62 1 32 19 11 20 12 25 51 38 6 35 42 10 52 50 8 5 63 53 30 57 43 26 24 33 13 17
63
1 6 40 8 53 42 51 38 5 11 36 26 14 31 19 27 46 39 41 10 45 48 55 47 20 25 58 60 37 30 18 4 3 16 62 44 59 49 22 23 32 54 28 15 57 17 9 29 33 34 21 12 35 50 63 56 43 13 2 7 24 52 61
63
62 49 56 47 51 15 26 7 21 34 39 16 5 50 59 36 35 53 4 37 44 20 11 42 1 61 30 14 60 23 19 54 63 2 18 48 46 24 13 52 9 41 12 38 33 22 31 58 17 8 6 55 32 29 25 10 40 28 57 45 27 3 43
63
37 5 3 23 42 59 40 56 43 4 8 45 10 7 41 14 27 53 19 33 1 21 46 13 52 12 6 57 35 18 30 49 54 62 24 9 2 60 38 51 39 58 36 11 44 16 61 26 55 20 31 34 25 22 48 47 15 17 63 50 29 32 28
63
9 11 42 32 2 52 28 10 4 21 29 16 48 49 27 12 19 40 15 30 39 47 14 5 45 26 62 46 50 56 60 36 7 31 54 1 22 59 3 13 6 53 24 33 61 55 44 17 51 37 20 23 43 57 18 58 38 63 41 25 35 34 8
63
16 3 40 9 34 26 37 54 31 6 46 19 27 59 45 30 32 49 39 60 24 53 43 1 62 7 36 23 15 25 48 5 18 44 42 22 58 8 52 21 38 35 50 10 4 29 56 17 12 47 63 51 41 61 20 14 2 28 11 13 33 57 55
63
28 63 49 17 10 24 35 52 6 21 36 58 46 3 59 4 19 53 25 29 43 7 45 56 50 11 60 32 8 61 39 23 37 26 13 38 18 41 54 42 40 47 48 51 5 1 22 15 34 27 44 30 55 9 20 16 62 57 14 12 31 2 33
63
38 9 60 32 29 43 45 2 30 57 22 33 54 59 20 24 23 42 6 16 58 61 35 26 36 39 15 49 19 34 63 48 4 51 25 11 62 13 17 56 41 14 55 3 53 44 12 18 27 46 40 31 7 52 1 50 8 10 5 28 21 47 37
63
56 50 44 61 18 29 62 28 47 41 24 60 57 36 2 8 38 13 15 33 51 54 22 30 26 25 42 58 37 23 1 5 45 20 52 48 35 49 11 46 32 31 43 7 59 63 19 34 53 39 10 27 16 12 14 9 21 55 17 6 3 40 4
63
19 49 17 6 11 7 48 55 37 10 63 8 53 25 28 2 29 59 51 33 24 42 16 45 39 47 14 57 36 43 26 18 12 41 20 3 54 62 50 60 35 34 13 31 58 21 4 23 32 5 27 52 22 56 61 15 40 38 30 44 9 46 1
63
53 18 39 49 21 9 63 10 1 42 37 51 60 5 30 16 54 38 47 40 43 59 19 55 34 52 41 24 57 28 48 61 8 25 62 6 45 4 31 7 22 13 27 46 50 11 20 12 56 33 14 32 23 35 29 44 2 26 58 17 3 15 36
63
60 53 50 13 52 45 10 8 25 63 4 3 23 17 49 35 27 57 43 62 28 44 33 48 31 20 18 47 54 29 32 12 24 26 41 38 34 11 2 21 40 14 42 7 61 30 39 16 6 1 56 59 9 46 58 19 51 36 37 55 5 15 22
63
6 1 58 11 27 14 2 46 50 20 8 44 43 10 41 53 21 51 7 3 26 31 55 25 52 35 61 39 57 34 16 23 24 37 5 47 17 60 56 15 48 38 4 33 9 59 32 29 13 19 28 42 22 63 18 36 49 62 40 30 12 45 54
63
6 1 55 44 4 17 13 22 9 7 34 45 25 37 29 54 21 51 58 27 15 41 50 61 19 18 12 5 36 47 30 57 63 59 26 3 46 16 52 60 39 48 2 49 56 24 38 10 62 14 33 35 43 20 23 11 31 28 40 8 53 42 32
63
30 9 16 33 46 4 34 63 57 15 58 45 23 40 3 17 1 60 37 51 26 22 36 24 31 32 47 52 27 62 7 20 61 6 35 2 54 28 19 8 10 14 48 44 12 29 59 13 21 11 18 38 43 41 55 39 53 49 42 5 56 50 25
63
45 22 57 17 16 44 46 19 34 58 38 52 36 10 6 60 63 29 35 50 42 49 8 56 24 26 31 23 21 7 48 59 20 47 13 14 30 55 12 25 15 33 40 28 37 1 5 11 53 61 27 43 3 41 62 39 2 9 4 32 51 18 54
63
9 55 27 52 1 4 16 36 35 37 62 60 24 53 46 54 23 28 58 10 2 8 29 31 39 30 40 63 49 44 20 59 3 41 13 61 17 45 32 26 6 18 19 42 56 34 5 7 14 38 21 33 48 22 12 43 11 57 51 15 50 47 25
63
54 61 37 38 21 50 58 17 30 4 33 39 24 1 5 47 49 25 63 16 40 3 26 18 11 62 7 48 32 6 28 36 41 14 19 12 31 42 60 57 55 56 43 59 53 46 22 51 34 15 13 8 52 44 35 23 27 29 2 10 45 20 9
63
23 34 56 12 45 52 24 59 57 3 41 16 42 22 20 38 60 53 39 48 61 43 8 62 17 58 21 32 1 28 4 14 44 31 10 19 2 6 15 27 36 29 25 37 30 63 5 13 50 26 55 49 33 47 54 40 11 7 46 18 51 9 35
63
8 4 55 25 5 9 46 10 62 19 33 23 41 54 49 59 45 28 37 57 15 56 27 58 13 11 17 1 43 14 24 53 6 3 22 34 35 20 42 32 60 21 2 30 26 7 18 38 44 51 47 16 40 29 39 36 52 31 50 48 63 61 12
63
60 3 29 61 32 35 39 63 50 45 46 30 56 4 26 34 17 54 20 10 6 24 55 2 25 14 62 33 42 28 38 5 22 53 13 37 9 8 31 44 18 52 23 27 57 15 21 43 58 59 47 12 51 11 1 48 40 16 41 19 36 49 7
63
51 33 1 6 50 40 46 58 62 30 27 48 24 23 16 43 18 5 52 21 17 41 56 4 61 59 42 25 34 11 44 53 60 14 8 36 47 26 45 38 28 39 12 29 49 22 57 37 2 10 3 13 19 9 20 7 55 15 35 54 32 31 63
63
57 51 33 55 41 23 2 29 31 16 19 48 62 21 6 47 34 3 49 1 26 30 15 45 22 27 60 9 40 17 37 7 36 63 18 39 50 4 8 38 20 43 24 25 56 10 44 14 52 53 12 46 11 32 5 28 54 59 61 13 35 58 42
63
2 3 9 58 29 4 16 54 5 35 61 50 13 23 21 48 15 38 36 44 41 26 62 56 43 22 25 49 6 42 7 30 33 51 55 37 60 8 24 32 34 17 12 47 20 57 14 27 59 28 53 39 63 31 10 45 46 52 18 1 11 40 19
63
50 7 54 30 58 6 46 32 13 41 62 44 55 33 3 61 2 29 24 15 22 8 4 23 35 56 19 11 40 25 45 51 16 37 57 34 49 14 43 9 38 52 10 48 17 1 27 60 18 28 36 39 21 53 26 20 47 59 42 12 63 5 31
63
15 63 38 8 48 36 43 44 33 59 28 7 4 45 60 61 53 58 29 32 16 1 55 23 18 27 42 21 19 13 24 35 41 39 46 10 11 37 49 20 12 57 62 54 56 2 6 17 25 34 52 31 47 22 9 30 51 5 3 26 40 14 50
63
18 22 45 44 30 59 38 42 7 43 51 10 17 60 29 23 63 19 1 13 16 3 62 61 20 2 21 6 49 33 47 40 24 25 26 57 50 37 35 14 8 48 52 55 12 58 11 9 5 31 27 53 15 32 56 36 41 39 34 54 4 28 46
63
28 50 2 52 10 12 33 16 45 51 48 61 36 35 1 43 22 11 5 21 55 23 25 37 56 32 17 29 3 60 24 46 53 27 13 26 6 57 63 40 49 59 44 58 20 8 31 15 9 14 38 41 42 4 47 30 39 34 18 62 19 7 54
63
6 60 20 61 47 59 27 48 11 33 14 45 34 13 44 25 5 18 38 32 17 28 1 43 53 36 4 8 49 42 16 31 12 35 52 22 63 9 3 56 54 2 30 62 23 57 58 21 26 46 39 29 7 41 24 15 55 40 19 37 10 50 51
63
57 4 26 37 56 12 51 40 13 21 29 46 30 60 2 44 61 50 36 63 41 25 34 49 5 6 53 18 17 35 28 43 27 33 20 55 54 31 15 48 38 1 3 9 10 39 14 58 52 7 32 59 22 42 8 23 11 16 47 45 19 62 24
63
14 2 33 23 13 26 28 5 9 8 59 24 46 30 53 36 34 17 4 63 44 7 42 29 16 27 32 19 25 51 37 60 31 45 41 48 62 38 55 22 11 39 57 58 40 49 6 47 18 56 54 10 35 43 20 12 50 3 61 52 21 15 1
63
42 56 27 33 45 13 2 3 24 11 48 6 50 28 43 59 22 55 19 53 18 46 54 5 26 1 20 8 39 41 34 63 4 21 51 23 49 40 61 25 16 10 30 57 47 60 32 29 62 31 12 36 58 17 35 14 38 7 52 15 37 9 44
63
9 37 46 6 1 45 52 34 47 57 23 15 43 49 50 28 21 4 5 14 12 27 13 39 33 41 2 30 32 16 31 26 63 54 60 40 8 55 53 24 59 62 48 36 51 3 38 35 7 11 61 20 56 42 18 17 25 22 29 58 19 10 44
63
41 6 54 55 43 30 27 3 36 10 23 63 15 18 7 57 12 1 16 61 33 39 29 60 2 25 8 52 34 24 26 59 38 44 21 20 40 47 14 9 42 49 56 4 11 31 22 45 46 62 50 51 5 53 28 19 35 17 32 58 48 13 37
63
20 47 62 35 8 44 29 52 6 23 1 34 18 54 13 49 43 26 55 33 9 22 27 37 11 17 39 58 19 42 46 28 24 40 2 32 50 48 10 38 51 31 7 3 14 15 4 57 59 60 63 25 30 5 61 21 16 53 56 12 36 41 45
63
30 52 2 40 38 7 51 63 31 20 41 43 28 14 13 60 29 8 39 26 62 37 19 33 47 3 10 45 32 22 5 23 58 15 50 49 11 53 9 34 61 27 6 59 46 1 44 16 25 21 42 4 12 36 17 18 24 57 55 54 48 35 56
63
46 60 13 24 41 44 31 51 29 45 36 14 47 23 55 27 57 16 37 20 38 59 43 5 22 34 11 61 12 2 21 7 9 4 42 56 26 1 48 33 53 30 15 3 25 62 8 19 58 28 35 63 10 6 40 17 18 52 54 50 49 39 32
63
40 59 52 43 2 19 58 42 8 28 6 24 22 17 50 27 33 49 10 23 3 39 34 46 13 18 12 45 61 44 5 35 37 55 1 36 47 53 57 11 4 60 15 51 38 25 48 20 21 62 41 9 54 63 16 14 30 31 29 56 32 7 26
63
26 7 56 27 23 38 22 34 53 20 55 13 33 19 54 39 1 62 12 42 63 2 45 25 44 29 31 17 14 4 28 58 60 59 11 24 30 57 52 50 5 37 47 10 8 6 18 61 9 48 21 36 3 41 15 16 46 32 40 43 49 35 51
63
34 27 15 41 4 47 31 19 46 9 63 39 14 38 56 52 22 2 58 28 44 7 3 61 59 48 18 6 36 1 37 25 32 57 50 5 30 10 51 42 13 8 43 24 45 40 21 54 29 49 35 23 60 17 53 26 12 16 20 62 11 55 33
63
2 30 4 40 13 9 34 20 55 5 35 3 56 41 21 60 52 6 15 46 47 10 22 26 48 33 38 31 63 61 16 44 57 32 43 36 12 28 14 23 37 58 49 8 1 7 59 17 39 54 19 62 27 51 25 42 24 29 45 18 50 11 53
63
62 39 34 22 23 6 9 45 43 20 56 61 25 44 46 37 21 41 50 13 53 33 40 57 58 19 5 15 30 51 63 35 36 24 54 38 59 18 12 47 17 28 16 4 2 32 1 49 42 26 55 29 10 60 27 48 11 3 31 8 7 52 14
63
46 24 14 18 37 55 36 52 30 21 35 48 57 42 49 58 51 25 16 34 10 41 45 54 60 26 44 23 33 27 38 4 59 22 53 12 7 50 3 56 11 13 2 19 31 63 20 43 29 62 28 15 8 17 40 6 47 39 61 5 32 1 9
63
46 37 56 59 33 14 28 10 30 23 54 8 13 61 4 55 7 42 26 11 1 22 51 45 24 25 44 47 50 2 15 49 62 41 20 12 29 40 5 63 19 34 16 27 39 18 17 35 21 48 31 9 57 58 32 52 53 43 36 38 3 6 60
63
3 37 42 12 5 63 44 30 50 35 24 9 6 55 18 17 8 2 15 53 43 21 62 49 57 41 32 26 60 16 58 20 46 19 52 40 1 61 33 48 4 31 13 25 23 11 14 34 29 45 22 10 47 51 7 28 36 38 56 27 39 54 59
63
6 48 31 9 37 35 7 63 11 36 3 45 29 56 60 50 18 51 55 40 1 52 39 58 41 14 43 33 47 16 8 23 54 44 17 15 19 20 38 4 42 24 59 61 13 25 32 28 34 12 30 57 26 22 5 46 10 53 2 27 62 49 21
63
22 25 30 61 38 45 8 10 57 60 40 14 54 13 23 47 26 24 27 16 4 20 36 18 32 31 50 53 44 48 7 6 9 51 3 17 37 39 52 56 28 1 35 21 29 62 49 55 43 2 12 63 15 34 59 11 19 5 33 46 41 58 42
63
42 23 32 60 27 14 11 51 24 47 39 40 35 44 10 36 38 29 12 19 49 6 5 37 58 17 3 16 30 7 63 1 18 56 28 8 33 55 20 34 41 9 54 50 57 4 46 22 26 45 53 61 48 52 62 15 59 21 31 2 43 25 13
63
46 42 24 44 26 20 58 6 15 22 23 50 4 12 11 43 53 17 40 45 51 56 16 52 2 34 33 3 21 54 1 62 31 59 48 7 61 39 29 32 36 37 9 60 47 30 25 14 13 28 5 63 55 18 19 41 38 35 57 49 27 8 10
63
63 28 49 60 29 43 6 24 22 25 4 58 39 9 14 1 59 17 18 44 47 62 56 33 31 20 16 41 34 38 61 19 57 11 15 7 8 50 40 35 51 12 55 53 54 37 27 32 13 3 2 26 52 36 48 23 30 21 46 45 10 5 42
63
29 30 48 10 24 6 61 63 39 44 34 54 59 4 3 23 50 51 25 27 49 16 22 57 17 11 15 28 19 60 45 62 58 37 31 21 13 14 9 1 52 33 18 2 7 32 55 56 8 40 43 26 47 53 36 38 42 46 5 41 12 20 35
63
29 60 12 6 1 52 22 33 5 8 11 50 41 51 32 25 19 47 31 53 54 4 40 34 46 27 23 3 45 35 57 10 14 43 55 56 2 9 38 36 49 16 58 59 26 62 15 30 37 28 48 39 7 18 24 17 42 13 63 20 44 21 61
63
2 45 37 56 1 31 48 41 24 11 9 61 32 35 13 14 52 58 59 5 15 29 43 63 10 53 62 55 12 4 44 25 27 30 19 17 7 23 39 51 26 47 21 22 33 3 54 49 50 34 8 20 28 36 60 57 38 18 6 40 46 16 42
63
42 17 27 47 57 12 28 16 60 2 62 53 50 31 63 19 41 49 20 4 24 29 13 3 35 33 30 21 59 14 25 43 22 11 48 18 61 5 37 58 7 40 39 56 23 15 54 26 9 36 46 8 38 52 34 32 44 55 10 51 45 1 6
63
2 4 29 18 43 45 60 24 50 46 15 58 34 42 31 28 12 44 33 41 47 8 53 55 54 36 51 21 10 35 62 37 5 63 1 19 59 56 23 20 49 22 16 14 39 7 30 25 11 13 3 27 6 9 57 17 61 48 38 26 32 52 40
63
52 38 36 11 30 55 2 7 29 4 23 12 32 50 39 34 15 54 9 3 14 58 27 18 19 63 20 45 22 51 35 53 26 33 46 25 49 8 28 21 62 41 56 48 13 47 17 40 42 6 44 60 37 31 61 57 5 24 43 59 16 1 10
