15
15
14
15
12
14
15
14
12
10
14
15
11
14
13
10
14
15
10
15
14
12
14
15
12
16
13
14
10
16
16
15
14
14
12
12
13
13
12
13
15
14
15
16
11
16
14
16
15
13
11
15
13
15
7
15
15
16
14
14
16
13
13
11
15
12
12
13
13
13
16
14
13
13
12
12
11
16
14
16
14
13
12
11
13
12
11
13
16
13
15
16
13
15
15
17
13
15
14
15
12
12
15
9
12
13
15
16
13
13
13
16
12
15
16
12
15
14
9
14
11
16
12
14
13
16
11
14
15
13
14
11
13
16
14
15
15
16
15
11
16
14
13
13
13
15
15
13
14
13
16
16
13
14
15
14
14
16
16
15
11
16
17
11
13
16
16
15
13
14
13
15
13
14
14
14
16
14
9
15
16
13
14
15
16
15
15
11
14
11
13
12
15
16
16
14
14
13
13
15
