48
10
3 4 6 9 1 8 5 2 10 7
10
2 6 1 5 10 8 4 9 3 7
10
6 2 3 8 10 5 1 9 7 4
10
7 2 3 9 6 4 5 8 1 10
10
10 4 7 8 3 2 5 6 1 9
10
5 7 1 8 3 10 4 2 6 9
10
1 10 7 5 4 3 2 6 9 8
10
7 9 3 10 1 5 8 6 4 2
10
6 5 1 2 9 7 10 4 3 8
10
4 8 7 9 1 6 3 10 2 5
10
6 8 9 4 7 1 10 3 2 5
10
9 1 7 2 5 3 4 8 10 6
10
2 9 5 7 10 4 6 1 3 8
10
1 9 5 3 4 7 10 2 6 8
10
1 3 10 7 8 2 4 5 6 9
10
8 7 5 3 4 9 6 10 2 1
10
8 1 9 10 5 3 7 6 4 2
10
8 6 3 1 5 4 9 10 2 7
10
8 9 3 7 10 5 1 2 6 4
10
1 2 5 6 3 4 7 10 9 8
10
6 5 1 7 8 10 4 2 3 9
10
3 2 9 4 1 7 5 8 6 10
10
2 1 4 7 5 9 3 10 8 6
10
1 3 9 2 6 8 10 4 5 7
10
2 1 3 7 8 9 10 6 4 5
10
4 7 9 3 5 1 10 6 8 2
10
10 4 9 7 2 8 5 3 6 1
10
2 1 6 8 3 10 4 9 5 7
10
8 10 1 9 7 2 3 5 6 4
11
2 6 10 1 4 5 11 7 9 3 8
11
3 11 1 6 9 10 8 2 4 7 5
11
4 6 10 8 11 5 1 3 2 9 7
11
3 5 8 9 10 7 1 2 4 6 11
11
11 10 3 8 6 7 5 1 4 2 9
11
7 9 10 8 6 2 3 4 11 1 5
11
11 8 2 1 10 9 4 6 7 3 5
11
11 6 2 7 4 8 10 3 1 5 9
11
2 4 7 1 3 10 8 6 11 9 5
11
8 2 11 4 7 5 6 3 9 10 1
11
10 2 5 4 7 8 1 9 3 6 11
11
6 7 9 5 2 11 4 3 10 8 1
11
9 3 5 1 11 8 6 4 10 7 2
11
11 9 1 6 8 2 3 5 10 4 7
11
1 10 4 9 2 3 8 11 6 7 5
11
8 9 6 7 2 3 4 1 11 5 10
11
8 11 4 3 7 6 10 2 9 1 5
11
8 2 6 11 9 7 3 1 4 10 5
11
8 4 10 1 11 6 7 3 2 5 9
