9
55
15 21 38 55 34 3 46 20 44 1 4 36 54 13 31 19 48 16 5 53 40 14 49 51 12 33 42 35 10 18 2 8 7 24 30 22 9 25 47 52 28 27 32 6 17 26 43 29 50 45 23 39 11 37 41
55
38 29 36 31 37 30 49 33 55 54 51 6 13 11 22 23 50 48 43 34 27 52 7 42 26 19 45 4 40 15 39 10 17 24 21 3 41 16 12 47 35 20 1 28 25 8 14 18 32 53 2 44 46 5 9
55
37 55 26 12 38 32 13 36 45 53 54 41 47 3 25 9 40 42 46 29 7 15 34 2 4 51 39 14 17 8 30 16 5 27 50 35 10 52 18 21 44 33 20 28 1 11 19 31 48 6 43 49 24 22 23
55
35 28 52 11 34 43 26 3 51 10 9 23 30 54 55 8 17 18 7 16 20 53 41 50 42 22 12 36 25 14 31 6 24 47 40 21 33 46 13 27 44 15 38 45 29 37 39 48 4 5 49 1 2 32 19
55
54 38 53 18 27 4 9 1 8 51 45 50 44 43 33 17 28 40 14 13 2 52 7 31 16 26 24 42 55 35 5 41 21 6 49 22 11 25 30 12 37 34 32 20 47 46 10 48 36 29 15 23 19 3 39
55
10 9 25 33 11 2 16 41 14 23 6 31 36 26 17 8 48 52 30 18 32 54 20 22 39 21 40 28 3 43 13 51 46 45 12 42 15 5 44 37 35 47 53 50 4 27 55 19 1 38 29 24 49 34 7
56
54 9 33 32 16 6 37 15 3 24 17 50 28 39 26 43 36 23 48 20 14 44 52 7 27 40 47 4 56 12 2 22 49 41 1 29 10 5 30 53 35 34 45 18 8 31 55 19 25 42 38 11 21 46 51 13
56
40 15 55 45 1 47 52 19 27 35 54 51 7 22 43 31 29 42 44 36 41 18 49 21 48 10 53 11 56 26 14 8 50 32 2 13 46 28 25 9 4 37 12 34 6 20 23 38 17 16 24 39 5 33 30 3
56
45 26 55 34 10 8 15 6 7 16 31 32 54 19 39 51 24 37 53 42 36 2 30 13 4 9 49 22 38 41 46 50 1 40 18 28 25 33 21 35 29 11 23 20 27 52 56 48 17 47 3 5 43 44 14 12
