22
22
9 18 20 5 19 21 13 11 8 16 15 3 1 10 22 14 17 12 2 4 7 6
22
20 3 22 15 8 12 13 5 7 16 17 2 9 14 21 18 6 19 4 10 1 11
22
15 4 19 16 13 17 5 10 12 11 8 20 1 7 14 9 21 2 18 6 3 22
22
5 7 22 4 15 8 9 6 2 10 20 21 17 14 19 18 12 13 16 11 1 3
22
21 16 4 18 15 5 17 14 13 22 12 8 20 19 3 2 9 10 11 6 1 7
22
19 5 4 20 21 15 12 13 22 7 10 14 8 9 18 2 1 6 11 16 3 17
22
10 5 7 4 17 3 18 6 15 8 1 19 2 12 16 13 20 21 9 22 11 14
22
5 6 10 9 15 14 7 21 1 16 13 20 22 4 11 18 12 17 8 19 3 2
22
20 6 22 5 4 16 10 15 13 7 14 9 18 11 8 19 17 21 3 2 1 12
22
21 16 11 22 3 8 2 1 7 4 20 12 18 13 5 15 6 9 14 19 17 10
23
11 9 23 15 13 12 8 19 5 17 7 6 22 21 16 14 20 10 1 2 3 18 4
23
9 14 7 12 19 22 17 13 4 1 5 8 15 10 21 23 16 3 18 20 6 2 11
23
19 10 15 3 9 6 20 18 16 23 4 22 13 12 14 7 1 11 17 8 21 2 5
23
14 22 19 13 9 11 21 3 18 1 4 15 10 20 16 2 6 8 5 7 23 12 17
23
8 21 19 12 5 1 4 16 18 13 9 3 17 6 11 14 23 22 15 7 10 2 20
23
18 2 20 21 12 6 9 22 8 23 19 4 17 5 3 14 16 11 10 13 7 1 15
23
5 7 22 17 1 15 20 11 14 9 8 13 16 21 2 12 4 18 6 3 23 10 19
23
18 10 14 19 16 11 13 3 2 4 17 15 22 5 7 1 21 8 6 23 20 12 9
23
2 6 7 17 13 21 22 18 10 20 19 16 4 3 8 14 23 11 1 12 9 15 5
23
20 11 10 6 13 2 19 21 8 7 5 15 4 12 9 1 22 14 18 23 16 3 17
23
19 10 9 4 8 16 17 15 23 11 12 7 6 5 14 22 20 2 18 13 1 3 21
23
12 6 4 17 9 3 2 18 10 11 8 7 1 23 16 5 15 19 22 20 13 14 21
