21
23
16 10 20 17 11 15 12 20 12 20 11 20 11 15 1 15 17 16 10 12 16 17 15
23
22 18 19 18 6 19 6 20 5 17 15 17 1 8 1 15 16 10 23 20 5 16 11
23
18 8 3 20 6 20 4 1 14 3 19 23 7 13 5 6 3 17 8 19 18 1 13
23
8 15 22 15 22 7 9 7 9 17 7 17 23 8 23 8 10 2 18 7 18 7 8
23
3 11 6 5 13 12 4 12 11 2 16 3 7 1 6 14 16 23 16 23 12 11 20
23
9 4 22 13 9 4 17 4 22 13 9 4 13 22 16 4 9 16 17 18 4 13 9
23
6 20 10 20 10 20 8 6 12 8 21 17 12 8 6 8 17 18 6 10 6 21 10
24
10 14 8 14 8 6 10 6 10 19 6 14 19 14 19 14 8 14 8 10 14 19 6 8
24
22 13 18 13 18 13 18 16 22 16 22 16 21 16 21 16 7 10 7 10 7 12 10 22
24
18 20 21 20 18 5 18 15 21 20 24 14 24 18 22 21 24 21 14 21 14 5 6 5
24
9 17 13 5 4 9 21 8 1 8 5 24 19 2 10 11 8 11 16 2 12 17 10 16
24
18 20 8 18 5 18 5 18 8 20 5 20 5 8 5 18 14 5 14 5 20 5 14 20
24
21 13 22 24 6 1 2 4 24 18 4 18 11 13 4 1 11 22 17 6 21 11 2 11
24
16 4 13 4 13 9 3 13 23 13 17 6 9 4 18 9 20 9 20 1 20 13 4 13
24
8 4 24 4 8 14 24 20 24 11 7 23 7 14 23 24 23 15 9 15 21 7 21 22
24
23 18 16 7 20 12 6 18 15 14 13 19 24 10 12 7 22 18 4 22 15 20 18 10
24
2 19 15 19 8 19 23 24 12 9 24 7 2 19 15 22 16 5 9 15 24 1 16 20
24
9 3 21 3 21 17 21 8 1 14 11 1 21 14 18 22 8 11 23 12 11 15 13 17
24
20 18 8 20 19 23 10 18 7 5 23 6 23 15 10 19 23 18 10 18 15 5 6 16
24
10 7 24 7 24 9 16 4 16 5 9 5 4 13 15 23 11 23 10 23 10 23 11 1
24
13 20 24 22 8 16 1 6 22 7 16 1 18 11 7 2 4 21 1 7 19 20 12 11
