25
19
17 16 17 16 17 16 18 17 16 15 12 15 12 14 15 12 8 7 13
19
15 9 15 9 15 9 3 15 9 4 2 4 2 18 4 2 10 16 5
19
3 18 3 18 3 18 8 3 18 10 15 10 15 7 10 15 1 16 13
19
4 6 4 6 4 6 18 4 6 7 16 7 16 9 7 16 15 14 8
20
15 20 15 20 15 20 10 15 20 16 17 16 17 5 16 17 2 18 6 12
20
7 18 7 18 7 18 6 7 18 4 8 4 8 11 4 8 17 9 10 2
20
20 2 20 2 20 2 12 20 2 13 19 13 19 11 13 19 4 1 14 17
20
1 17 1 17 1 17 5 1 17 14 11 14 11 12 14 11 19 20 9 16
20
12 7 12 7 12 7 9 12 7 3 11 3 11 17 3 11 15 10 8 1
20
9 3 9 3 9 3 18 9 3 19 6 19 6 7 19 6 12 17 4 16
20
15 19 15 19 15 19 1 15 19 9 10 9 10 5 9 10 3 14 2 7
20
4 1 4 1 4 1 18 4 1 6 10 6 10 15 6 10 16 14 8 9
20
16 17 16 17 16 17 8 16 17 1 6 1 6 9 1 6 7 12 13 18
20
20 13 20 13 20 13 19 20 13 8 11 8 11 2 8 11 17 14 9 3
20
3 9 3 9 3 9 8 3 9 10 16 10 16 7 10 16 18 20 17 6
20
1 11 1 11 1 11 17 1 11 4 13 4 13 18 4 13 19 6 10 15
20
16 14 16 14 16 14 13 16 14 2 5 2 5 1 2 5 20 17 18 12
20
10 13 10 13 10 13 11 10 13 18 6 18 6 1 18 6 17 3 8 14
20
15 5 15 5 15 5 1 15 5 12 8 12 8 16 12 8 13 2 3 6
20
17 9 17 9 17 9 15 17 9 16 7 16 7 3 16 7 13 12 11 14
20
15 12 15 12 15 12 17 15 12 6 1 6 1 5 6 1 10 11 2 14
20
3 11 3 11 3 11 15 3 11 19 18 19 18 17 19 18 14 1 5 12
20
20 1 20 1 20 1 11 20 1 18 16 18 16 19 18 16 3 12 14 17
20
15 4 15 4 15 4 14 15 4 7 17 7 17 11 7 17 10 12 9 5
20
19 18 19 18 19 18 16 19 18 1 15 1 15 3 1 15 13 12 2 4
