21
23
15 3 15 3 15 3 20 15 3 14 12 14 12 11 14 12 16 17 16 17 23 16 17
23
14 2 14 2 14 2 7 14 2 11 19 11 19 4 11 19 16 15 16 15 17 16 15
23
1 17 1 17 1 17 11 1 17 14 15 14 15 12 14 15 19 16 19 16 5 19 16
23
12 8 12 8 12 8 10 12 8 6 21 6 21 14 6 21 16 7 16 7 9 16 7
23
23 17 23 17 23 17 16 23 17 19 13 19 13 9 19 13 10 11 10 11 18 10 11
23
8 10 8 10 8 10 19 8 10 13 6 13 6 5 13 6 21 4 21 4 1 21 4
23
3 9 3 9 3 9 15 3 9 20 22 20 22 11 20 22 19 2 19 2 4 19 2
23
22 20 22 20 22 20 2 22 20 9 21 9 21 23 9 21 10 6 10 6 5 10 6
24
20 22 20 22 20 22 6 20 22 24 12 24 12 8 24 12 9 14 9 14 11 9 14 3
24
2 20 2 20 2 20 11 2 20 5 6 5 6 16 5 6 12 24 12 24 8 12 24 18
24
3 20 3 20 3 20 21 3 20 9 15 9 15 22 9 15 18 6 18 6 7 18 6 10
24
8 7 8 7 8 7 3 8 7 21 18 21 18 12 21 18 14 20 14 20 5 14 20 15
24
2 4 2 4 2 4 24 2 4 9 14 9 14 15 9 14 7 13 7 13 23 7 13 12
24
2 23 2 23 2 23 22 2 23 11 9 11 9 1 11 9 15 18 15 18 24 15 18 6
24
8 12 8 12 8 12 20 8 12 19 15 19 15 16 19 15 9 17 9 17 7 9 17 3
24
22 12 22 12 22 12 13 22 12 24 15 24 15 5 24 15 1 14 1 14 4 1 14 6
24
16 17 16 17 16 17 13 16 17 18 22 18 22 20 18 22 24 9 24 9 10 24 9 5
24
13 12 13 12 13 12 1 13 12 8 9 8 9 6 8 9 4 22 4 22 20 4 22 16
24
20 2 20 2 20 2 19 20 2 4 17 4 17 10 4 17 22 5 22 5 13 22 5 11
24
18 20 18 20 18 20 9 18 20 19 24 19 24 16 19 24 21 4 21 4 15 21 4 22
24
20 19 20 19 20 19 13 20 19 16 22 16 22 10 16 22 21 4 21 4 9 21 4 3
