24
20
20 9 12 7 15 20 10 1 2 5 12 13 12 13 12 1 13 12 13 12
20
20 6 3 1 5 8 2 19 13 16 19 8 18 8 18 1 8 18 8 18
20
19 1 15 2 16 7 2 12 9 18 4 15 17 15 17 1 15 17 15 17
20
7 12 20 1 9 20 12 9 18 5 16 4 1 4 1 2 4 1 4 1
21
21 12 10 2 9 10 11 10 2 11 20 13 2 1 2 1 3 2 1 2 1
21
17 20 18 9 11 14 5 15 11 17 7 8 16 14 16 14 1 16 14 16 14
21
16 3 19 13 8 9 3 21 20 13 17 10 2 4 2 4 1 2 4 2 4
21
19 14 7 20 3 1 14 10 14 19 4 9 3 12 3 12 1 3 12 3 12
21
9 21 12 16 13 20 15 10 13 18 17 3 15 16 15 16 1 15 16 15 16
21
18 10 7 12 11 8 12 3 10 6 14 2 7 19 7 19 1 7 19 7 19
21
21 2 9 2 1 16 13 10 5 20 10 4 17 15 17 15 1 17 15 17 15
21
19 17 7 13 16 9 20 8 5 1 15 18 14 5 14 5 1 14 5 14 5
21
18 12 21 5 17 3 13 4 10 15 17 3 2 9 2 9 1 2 9 2 9
21
5 15 7 3 1 19 1 11 6 11 6 12 15 13 15 13 1 15 13 15 13
21
11 1 15 20 4 14 20 2 12 19 16 10 16 5 16 5 1 16 5 16 5
21
11 19 8 21 7 15 18 8 17 1 19 7 9 17 9 17 1 9 17 9 17
21
16 7 11 17 20 2 20 3 21 11 8 15 14 6 14 6 1 14 6 14 6
21
14 11 17 12 3 7 15 4 5 14 5 6 16 13 16 13 1 16 13 16 13
21
11 20 5 1 12 16 15 5 4 9 5 4 6 18 6 18 1 6 18 6 18
21
19 7 16 12 6 21 10 1 20 16 7 3 11 8 11 8 1 11 8 11 8
21
6 5 14 4 11 19 15 1 5 11 16 12 16 5 16 5 1 16 5 16 5
21
3 10 4 19 16 14 5 13 14 21 11 8 1 2 1 2 3 1 2 1 2
21
3 14 18 15 16 17 1 8 12 2 6 5 8 17 8 17 1 8 17 8 17
21
12 8 21 14 7 18 7 6 2 18 2 6 18 15 18 15 1 18 15 18 15
