10
49
41 22 48 29 27 41 43 36 23 11 16 23 13 43 17 45 11 41 49 20 12 14 5 43 1 12 1 12 1 12 1 12 1 12 1 12 2 1 12 1 12 1 12 1 12 1 12 1 12
49
21 24 9 47 30 25 1 22 23 10 21 44 1 8 33 2 24 5 22 40 20 4 26 41 5 36 5 36 5 36 5 36 5 36 5 36 1 5 36 5 36 5 36 5 36 5 36 5 36
49
46 41 30 8 47 26 29 40 28 29 13 1 42 26 6 26 43 14 44 11 42 32 29 32 3 46 3 46 3 46 3 46 3 46 3 46 1 3 46 3 46 3 46 3 46 3 46 3 46
50
39 2 13 16 10 32 50 23 1 24 34 22 34 9 42 48 38 12 4 26 14 44 20 10 29 12 41 12 41 12 41 12 41 12 41 12 41 1 12 41 12 41 12 41 12 41 12 41 12 41
50
10 40 3 48 50 28 19 2 33 7 36 5 18 29 39 9 30 31 5 30 16 10 36 49 48 34 44 34 44 34 44 34 44 34 44 34 44 1 34 44 34 44 34 44 34 44 34 44 34 44
50
8 32 13 37 5 17 19 12 18 41 9 25 21 17 18 42 7 6 13 27 37 22 34 11 7 17 32 17 32 17 32 17 32 17 32 17 32 1 17 32 17 32 17 32 17 32 17 32 17 32
50
22 1 23 8 22 17 37 17 15 43 18 35 11 15 14 43 1 13 12 16 45 35 1 42 24 4 43 4 43 4 43 4 43 4 43 4 43 1 4 43 4 43 4 43 4 43 4 43 4 43
50
41 12 8 40 49 27 18 34 28 43 39 19 22 17 18 41 49 25 8 42 19 44 12 1 35 41 17 41 17 41 17 41 17 41 17 41 17 1 41 17 41 17 41 17 41 17 41 17 41 17
50
1 23 28 15 10 33 40 45 13 35 31 48 30 20 21 17 35 32 49 22 18 34 9 38 29 24 25 24 25 24 25 24 25 24 25 24 25 1 24 25 24 25 24 25 24 25 24 25 24 25
50
11 47 26 16 15 26 38 40 33 32 12 14 33 14 9 27 43 32 11 31 35 42 17 10 38 35 48 35 48 35 48 35 48 35 48 35 48 1 35 48 35 48 35 48 35 48 35 48 35 48
