47
10
2 9 8 9 8 9 5 9 8 5
10
2 9 8 9 8 9 8 9 5 9
10
7 5 10 5 10 9 5 9 5 9
10
7 10 8 10 8 10 8 10 8 9
10
6 5 7 5 7 5 7 5 7 3
10
7 3 4 3 4 3 4 3 4 2
10
3 9 6 9 6 9 6 9 6 9
10
2 8 9 3 8 9 3 8 9 8
10
9 8 5 8 5 8 5 8 10 8
10
2 7 3 7 3 7 3 7 3 7
10
6 2 5 2 5 2 5 4 2 5
10
2 7 8 7 8 7 8 7 8 9
10
3 9 2 9 5 9 2 9 5 9
10
7 6 8 6 8 6 8 10 6 10
10
8 2 9 2 9 2 9 2 9 2
10
7 1 5 1 5 1 9 1 9 1
10
3 1 10 1 10 1 7 1 10 7
10
6 5 10 5 10 5 10 5 10 5
11
9 6 3 6 3 6 3 6 3 6 3
11
6 3 2 3 2 3 4 3 4 3 4
11
5 1 7 1 7 1 2 1 7 2 1
11
11 7 8 7 8 7 3 7 8 7 3
11
4 3 2 3 2 3 2 10 3 10 3
11
10 7 1 7 1 7 1 7 1 7 1
11
1 9 3 9 3 9 3 9 3 5 9
11
7 5 10 5 10 5 10 5 10 11 5
11
7 9 10 9 10 9 10 9 1 9 10
11
3 8 10 8 5 8 5 8 5 8 5
11
3 11 2 11 8 11 8 11 8 11 2
11
2 8 5 8 5 8 5 8 5 9 8
11
7 9 11 9 11 1 9 11 9 11 1
11
3 5 6 5 6 5 6 5 6 5 11
11
4 11 5 1 11 5 11 1 11 1 11
11
1 3 4 3 4 7 3 4 3 7 3
11
1 4 3 4 3 4 7 4 3 4 3
11
7 3 8 3 8 3 10 3 8 3 10
11
2 9 8 9 8 9 7 9 7 9 8
11
10 11 3 11 3 11 3 1 11 1 11
11
4 3 10 3 10 3 10 3 10 3 11
11
5 10 7 10 7 10 7 10 7 10 11
11
9 3 7 3 7 3 1 3 7 1 3
11
6 10 5 2 10 2 10 5 10 2 10
11
3 5 4 5 11 5 4 5 4 5 11
11
7 11 10 8 11 10 8 11 10 11 8
11
3 2 10 2 10 4 2 10 2 4 2
11
2 11 10 7 11 10 7 11 10 11 7
11
4 5 9 3 5 9 5 9 5 9 3
