20
24
2 8 14 8 14 8 14 8 14 8 14 8 1 8 14 1 8 14 8 1 8 14 8 1
25
1 8 5 8 5 8 5 8 5 8 5 8 5 8 5 8 5 19 8 5 8 5 8 19 8
25
7 25 17 25 17 25 17 25 17 25 17 25 17 25 17 25 6 25 17 6 25 17 25 17 6
25
13 20 3 20 11 20 3 20 3 20 3 11 20 3 20 3 20 3 20 3 20 3 20 3 20
25
6 1 4 1 4 1 4 1 4 1 4 1 4 1 4 1 4 1 10 1 4 1 4 10 1
25
12 20 17 20 17 20 17 20 17 20 17 20 17 20 17 20 17 20 17 14 20 17 20 14 20
25
11 25 7 25 8 25 8 25 8 25 8 25 8 25 8 25 8 25 8 25 8 7 25 8 7
25
8 2 11 2 11 2 11 21 2 11 2 11 2 11 2 11 2 11 2 11 21 2 11 2 11
25
6 13 21 13 21 13 21 13 21 13 21 13 21 13 21 13 11 13 21 13 21 13 21 11 13
25
2 21 10 21 10 21 12 21 10 21 10 21 10 21 10 21 10 21 10 21 10 21 12 21 12
25
10 20 17 20 3 20 17 20 17 20 17 20 17 20 17 20 17 20 17 20 17 20 17 20 3
25
12 1 16 1 16 1 16 1 16 1 16 1 16 1 16 1 16 1 16 3 1 16 1 3 1
25
16 12 5 12 5 12 5 12 5 20 12 5 12 5 12 5 12 5 12 20 12 5 12 5 12
25
19 6 25 15 6 25 6 25 6 25 6 25 6 25 6 25 6 25 6 25 15 6 25 6 15
25
18 20 4 20 4 20 4 20 4 20 4 20 4 20 4 20 4 20 4 12 20 4 20 12 20
25
2 15 5 15 5 15 5 15 5 15 5 15 5 15 5 15 5 14 15 5 15 14 15 14 15
25
25 11 3 11 3 11 3 11 3 11 3 11 3 18 11 3 11 3 11 3 11 3 11 3 11
25
9 12 19 12 19 12 19 12 19 12 19 12 19 12 20 12 19 12 19 12 19 12 19 12 20
25
9 6 1 6 1 6 1 6 1 6 1 6 1 6 1 6 1 6 1 6 25 6 1 25 6
25
10 17 7 17 7 17 7 17 7 17 7 17 7 17 7 17 7 11 17 7 17 7 17 11 17
