47
10
10 2 5 4 7 1 10 2 5 4
10
10 2 10 5 3 1 10 2 10 5
10
2 7 10 9 8 1 2 7 10 9
10
9 10 2 6 4 1 9 10 2 6
10
6 3 10 4 3 1 6 3 10 4
10
5 4 5 4 8 1 5 4 5 4
10
5 7 5 8 2 1 5 7 5 8
10
8 1 9 3 10 1 8 1 9 3
10
8 5 6 9 4 1 8 5 6 9
10
10 5 2 6 8 1 10 5 2 6
10
1 2 10 2 6 2 1 2 10 2
10
1 5 8 3 2 3 1 5 8 3
10
7 5 8 2 3 1 7 5 8 2
10
7 9 5 1 4 1 7 9 5 1
10
1 8 4 9 8 2 1 8 4 9
10
6 4 5 6 3 1 6 4 5 6
10
10 2 1 8 7 1 10 2 1 8
10
9 7 3 5 9 1 9 7 3 5
10
3 6 5 1 5 1 3 6 5 1
10
5 9 10 4 9 1 5 9 10 4
11
10 6 4 1 8 1 10 6 4 1 8
11
4 10 6 1 5 1 4 10 6 1 5
11
7 10 11 1 10 1 7 10 11 1 10
11
5 3 1 5 8 1 5 3 1 5 8
11
4 8 5 10 1 2 4 8 5 10 1
11
5 10 3 7 10 1 5 10 3 7 10
11
4 8 11 1 6 1 4 8 11 1 6
11
7 5 4 7 1 2 7 5 4 7 1
11
10 8 4 11 3 1 10 8 4 11 3
11
8 3 11 1 11 1 8 3 11 1 11
11
8 2 3 6 3 1 8 2 3 6 3
11
7 10 9 7 10 1 7 10 9 7 10
11
2 3 10 2 7 1 2 3 10 2 7
11
11 9 4 11 7 1 11 9 4 11 7
11
8 3 7 5 2 1 8 3 7 5 2
11
7 4 1 5 10 1 7 4 1 5 10
11
4 3 1 3 4 1 4 3 1 3 4
11
4 7 6 9 7 1 4 7 6 9 7
11
8 6 2 10 3 1 8 6 2 10 3
11
2 4 6 9 11 1 2 4 6 9 11
11
7 5 1 10 11 1 7 5 1 10 11
11
9 1 11 1 5 1 9 1 11 1 5
11
3 1 7 11 1 2 3 1 7 11 1
11
8 11 9 7 4 1 8 11 9 7 4
11
11 10 7 4 2 1 11 10 7 4 2
11
11 6 10 11 2 1 11 6 10 11 2
11
1 7 1 2 9 2 1 7 1 2 9
