25
19
13 3 6 1 2 7 1 10 8 12 18 1 7 16 3 19 8 5 8
20
16 20 10 8 4 5 2 13 2 9 17 5 6 3 10 11 10 12 2 6
20
8 9 10 15 9 20 12 10 7 5 14 15 20 12 14 20 2 18 16 17
20
1 4 20 4 7 18 10 9 8 16 8 10 19 2 4 18 13 7 14 20
20
2 11 4 6 17 20 2 18 11 14 15 18 3 5 19 10 9 3 17 6
20
14 1 11 8 15 13 10 5 19 9 8 6 3 11 13 12 1 18 1 18
20
1 11 5 10 7 1 12 14 2 7 10 3 14 3 7 5 6 2 3 4
20
7 11 17 6 16 20 18 12 5 1 8 20 14 3 6 18 2 14 20 8
20
8 18 8 14 8 14 17 6 4 16 10 8 1 18 5 1 15 5 16 3
20
13 18 15 7 12 15 6 13 16 9 17 4 2 13 1 11 2 15 1 16
20
17 19 4 6 17 3 10 2 20 10 1 17 16 12 5 4 19 6 19 10
20
17 5 16 8 3 5 18 3 7 16 15 6 5 15 20 2 3 14 2 20
20
1 3 10 19 5 17 1 11 13 9 12 19 20 6 12 19 8 1 19 15
20
9 18 4 17 1 8 17 1 13 8 18 20 16 3 2 6 5 19 5 7
20
17 13 6 10 14 1 20 5 17 11 7 10 13 17 6 8 13 10 12 1
20
5 14 5 17 2 3 2 10 13 3 5 7 9 19 1 20 8 15 10 12
20
10 3 6 14 1 11 3 8 12 7 18 2 17 10 6 3 17 4 16 11
20
11 4 6 16 17 12 9 17 3 7 13 4 11 17 4 2 6 17 19 11
20
20 7 2 15 2 5 12 16 12 10 16 9 4 19 11 13 19 16 17 5
20
11 4 15 9 14 18 17 20 12 3 20 16 17 16 4 11 8 1 19 14
20
10 17 12 8 16 6 18 13 19 11 17 9 2 20 10 18 4 3 2 11
20
10 6 10 3 13 19 11 7 1 16 14 7 6 16 15 16 17 10 2 16
20
15 9 10 20 6 20 4 5 9 2 15 19 6 8 9 19 8 19 13 17
20
5 13 1 17 20 2 6 20 1 13 11 10 4 15 11 4 14 16 6 1
20
1 16 15 3 14 11 10 7 14 10 5 12 9 19 2 11 10 8 18 9
