10
49
27 25 38 16 26 37 9 44 32 17 44 42 22 6 39 22 9 32 45 46 12 27 48 31 37 27 42 3 45 9 22 49 18 15 3 5 9 29 41 1 5 36 27 44 16 29 42 27 10
49
35 19 48 37 2 28 40 39 17 27 43 25 40 13 16 27 46 19 38 28 20 34 11 23 47 14 8 49 18 7 4 27 12 45 29 21 43 33 20 41 49 14 30 28 5 49 34 1 21
49
27 1 24 29 37 25 6 1 4 18 39 24 48 34 7 32 24 25 11 35 34 4 40 39 5 46 38 20 13 27 39 3 11 27 24 21 18 12 21 45 42 39 19 48 33 19 36 10 6
50
48 24 26 24 26 4 16 47 50 21 34 7 41 10 14 35 23 40 49 5 8 16 8 3 22 29 13 25 48 12 21 30 46 17 6 43 46 12 23 30 31 35 45 31 16 47 43 38 21 9
50
21 40 48 9 32 7 41 15 8 47 6 10 35 22 12 8 28 21 46 43 6 13 6 10 36 8 42 48 17 19 3 16 4 45 42 41 23 41 7 1 27 3 24 17 7 49 45 33 44 41
50
27 33 22 8 2 16 40 18 34 35 50 25 3 21 36 9 36 7 24 11 16 18 5 41 7 5 42 45 36 15 37 49 34 38 10 24 30 21 23 30 31 43 26 50 15 29 2 50 39 24
50
11 9 24 2 19 41 14 29 50 49 4 5 1 11 22 44 45 6 42 10 50 33 10 24 26 42 14 10 29 23 14 43 32 45 32 43 50 1 43 28 9 37 17 27 28 37 46 13 37 43
50
41 45 36 6 16 45 35 4 25 21 34 44 11 10 22 47 38 46 40 47 32 33 34 49 10 46 3 47 5 48 24 48 34 8 40 41 7 29 27 13 43 7 32 14 48 17 34 24 1 45
50
25 17 33 49 46 30 38 1 15 46 44 5 26 48 33 39 4 26 6 19 37 4 47 39 23 4 8 11 42 32 45 39 37 45 41 17 8 50 5 33 26 33 8 37 10 49 28 5 3 31
50
50 43 42 27 26 1 30 31 35 21 23 24 40 44 31 14 49 35 9 21 31 2 11 32 45 40 33 11 44 5 14 8 14 26 27 41 34 30 28 49 46 50 47 31 28 14 49 36 7 29
