20
24
22 18 12 24 11 21 20 17 11 3 21 5 1 11 17 16 11 22 5 8 14 6 8 19
25
17 6 7 12 24 23 12 1 15 3 20 6 7 8 22 23 20 12 9 23 8 10 25 5 15
25
9 25 13 6 14 13 6 4 5 12 13 8 6 14 12 17 3 1 20 2 20 10 24 10 4
25
1 13 2 15 4 17 12 7 6 8 19 7 22 24 15 6 23 13 4 18 13 16 4 10 6
25
20 7 3 14 17 11 18 15 9 23 15 24 11 6 24 2 9 1 7 20 9 14 12 25 7
25
2 9 2 4 11 10 1 15 8 7 6 1 7 10 8 16 13 4 17 14 1 3 21 18 2
25
12 7 19 5 24 15 18 9 21 7 15 3 25 19 21 10 17 14 3 4 15 7 14 23 22
25
19 18 24 18 22 12 23 7 11 21 15 6 15 20 11 4 10 11 5 11 10 12 6 14 21
25
2 19 15 4 3 1 13 4 7 16 14 11 24 4 2 12 15 21 17 2 15 7 25 17 6
25
3 25 8 10 5 7 9 24 4 5 24 10 15 6 25 10 9 6 17 19 12 18 2 17 11
25
9 13 8 23 25 8 19 18 19 12 8 6 4 19 17 25 13 9 18 14 5 2 7 22 19
25
9 4 15 22 8 11 4 13 22 19 24 13 22 24 11 1 23 24 18 22 3 5 23 11 9
25
2 17 8 11 20 12 4 6 17 2 6 21 22 7 4 13 24 10 6 1 20 24 12 16 14
25
20 3 2 16 6 14 16 15 12 7 1 25 13 1 22 11 9 10 23 16 21 8 10 2 8
25
24 10 25 21 11 6 23 15 5 16 10 18 20 11 7 20 10 5 14 8 2 20 24 2 10
25
5 12 13 17 5 7 8 13 10 6 7 23 3 15 1 21 2 6 23 14 6 8 3 1 17
25
2 15 17 15 11 14 6 4 16 14 13 24 18 16 19 16 3 25 22 14 15 23 7 13 18
25
1 6 8 24 22 13 1 17 13 1 2 24 19 6 1 4 2 15 24 14 21 20 21 9 5
25
24 8 23 4 6 4 5 7 17 6 16 11 5 10 6 8 7 19 11 19 21 12 23 17 11
25
18 20 11 2 24 15 21 2 25 23 21 1 3 10 2 24 3 25 19 9 6 21 11 2 10
