450
421
429
426
439
435
426
437
459
419
433
446
459
460
436
450
461
436
453
423
447
457
436
414
449
438
446
442
455
402
460
448
416
430
447
430
435
442
451
416
433
421
432
427
436
415
433
450
446
425
450
457
447
428
431
458
425
420
433
419
454
427
432
445
440
458
443
428
452
445
421
394
439
450
458
426
455
440
433
462
445
459
433
454
433
444
437
448
459
409
448
448
421
446
414
428
448
438
428
455
432
420
428
435
426
444
450
454
459
421
457
449
452
437
454
409
461
446
427
433
430
432
428
450
427
456
429
463
434
440
432
452
457
454
424
438
450
443
437
445
448
430
440
412
429
434
453
430
429
446
430
461
440
462
432
431
420
438
427
422
446
425
432
451
441
431
428
430
434
428
457
398
417
440
445
424
461
462
415
456
427
431
446
449
435
388
419
401
434
448
455
430
451
413
453
439
464
438
452
457
419
444
431
458
434
461
422
432
438
448
438
448
453
417
395
463
420
438
427
442
429
428
434
427
413
432
438
422
451
441
418
430
441
422
451
406
461
419
415
432
452
430
428
433
451
436
426
449
413
426
400
446
455
417
435
449
458
424
392
429
463
432
435
429
419
453
459
448
435
428
437
438
446
447
442
448
424
458
428
443
453
436
428
427
415
416
406
424
425
435
438
455
436
431
433
439
464
416
447
408
459
454
441
401
433
423
426
445
451
424
433
414
451
423
421
421
459
418
457
454
435
428
451
455
445
450
452
424
416
435
428
443
440
450
447
446
408
450
431
413
427
445
413
417
433
447
455
427
432
433
438
416
425
450
441
429
440
427
438
416
464
436
431
438
407
446
440
441
431
409
439
423
437
437
463
463
462
433
430
440
408
444
431
409
440
458
429
446
421
434
434
460
456
434
452
438
436
445
443
441
445
447
436
435
417
463
450
458
438
427
438
418
436
425
457
464
424
431
427
443
445
