334
334
270
276
325
263
303
297
222
338
271
322
281
329
320
299
319
300
335
299
332
326
286
249
275
238
291
293
312
328
268
262
310
240
273
266
323
268
325
280
289
249
258
307
319
295
269
329
309
308
301
319
312
313
335
333
249
286
210
300
268
328
299
179
283
293
235
317
318
240
235
230
339
307
260
278
290
306
302
211
288
321
322
336
301
294
330
317
320
139
276
334
284
315
328
279
225
303
322
296
282
296
295
324
321
278
318
298
326
296
295
319
322
242
194
327
230
261
293
317
246
304
289
292
280
293
340
277
332
324
306
308
308
265
275
306
245
223
269
323
315
291
285
327
296
281
337
328
301
333
306
288
282
303
327
306
332
275
259
329
336
250
257
186
287
333
310
240
323
256
328
276
327
293
325
248
329
316
286
258
254
298
328
241
335
205
332
322
335
322
334
329
286
276
303
281
312
325
332
327
326
293
313
330
242
323
311
295
324
285
337
270
291
193
308
271
272
265
299
319
277
303
309
257
281
238
289
254
327
336
286
282
304
310
267
334
276
252
295
319
257
326
293
305
266
324
239
322
326
337
240
275
224
274
315
289
313
332
305
303
281
328
284
280
298
311
291
286
307
311
257
337
292
242
317
269
311
302
332
325
240
321
313
316
308
267
258
276
328
334
311
323
327
312
319
280
310
272
325
306
332
304
214
287
324
275
246
242
236
280
291
327
335
285
277
233
266
337
336
276
233
338
308
340
311
297
319
326
325
302
275
302
248
312
324
257
263
296
314
284
336
312
332
322
255
293
306
263
230
213
274
331
223
319
341
338
334
334
328
329
322
259
317
329
338
278
168
233
301
287
324
331
292
322
301
274
320
303
320
331
320
329
280
314
333
310
330
306
297
293
294
230
264
239
313
337
292
336
326
280
321
317
312
334
336
336
335
281
324
321
338
275
333
222
245
331
323
332
265
297
307
187
322
193
262
293
299
307
269
323
311
315
255
229
265
302
309
269
304
284
306
255
268
332
226
